19238	19475
19544	20969
12649	12672
699	1230
8289	8720
776	831
7985	8898
8349	9526
14846	15338
11758	11759
5742	6816
22072	22893
9364	9480
23058	23059
6941	7226
17119	17120
9609	9677
7933	9564
7874	8166
4008	16611
8298	8362
13868	13869
14097	16192
7922	8430
202	204
1212	1302
14142	14173
14891	17242
21741	22194
233	293
8818	14920
8664	8981
8746	9257
5406	6017
9895	12725
13995	16200
12975	13923
11067	11090
8152	9072
22000	22718
732	1046
1920	2322
19927	20578
8322	8790
4339	4512
10195	10240
4143	5157
7496	18693
5192	5338
16868	16939
9158	9486
6069	6606
17185	17186
20034	20411
6462	6511
7277	7821
21731	22188
4390	4956
17624	17702
7029	7042
9283	9364
18549	18562
9602	9728
169	390
20273	21010
21632	21729
19136	20827
2691	3225
5743	7384
4346	4756
21281	21943
14936	16251
4064	6508
15611	15853
16963	17161
4123	5131
158	19877
9584	9587
10764	10876
21487	21669
12199	13737
9483	9648
4229	13417
683	1322
2247	2842
8654	8773
9231	9588
21279	21353
10061	10234
4044	4184
9200	9723
15466	15483
5847	6526
21231	21997
5987	6083
13132	13134
6543	6581
10209	11982
8533	8739
7974	8601
5310	5311
8648	8829
7583	7673
14126	15811
5102	7092
21491	22132
5077	5176
22022	22514
6285	6306
8204	9441
10784	10964
22101	22102
9386	9648
15247	16611
4577	5486
188	342
19351	20034
10039	10051
21373	22689
2653	3693
18757	20277
639	1332
12438	12483
21218	22128
6452	6476
5302	5303
6786	7292
4767	4967
5610	5617
11577	11826
1422	3716
13018	14651
694	698
13114	13635
16089	19986
19869	20520
21819	22352
21183	22427
701	716
10618	15742
21602	22848
5075	5078
17188	17217
4155	4545
10761	10862
6170	7188
2946	3263
7024	7070
7876	8677
16777	16936
11056	12418
4948	7421
6279	6437
22062	22479
20538	20548
8673	9575
7286	7402
20510	20859
6177	6197
19124	20364
21306	22036
21621	22368
755	989
8160	9657
16754	17080
16808	16811
8182	8378
6581	7432
8638	8651
6647	7040
10498	15107
7849	8164
18757	19738
19068	20429
13020	20448
20879	21161
9783	13645
13027	13060
20452	20638
21434	21706
21753	21820
21557	21582
10345	10369
1046	1133
21568	22424
7870	8520
6129	6147
8310	8562
8311	9013
8754	9094
18813	19138
693	710
4436	4581
9762	11195
21839	21840
18802	20406
8218	8244
11545	11556
19812	20755
8118	8709
4922	4926
15219	18124
727	749
8461	8897
4064	4096
937	974
9091	9337
9760	16623
9761	16922
21376	21387
19090	19238
9957	17045
8463	8466
8852	8947
21809	22093
18814	20633
16359	16360
22503	22504
8754	9089
6839	6841
17610	18505
21528	21565
6588	6589
12496	13629
15365	15375
6925	7050
22994	23041
10761	10919
16515	16517
7910	8644
20272	20806
1650	1686
7986	8790
7911	8085
191	306
6736	7007
8938	9540
21253	21342
4960	5202
4156	6403
8302	8461
14223	16575
16153	17580
8690	9405
4857	5275
18499	18591
17285	17909
8827	8894
21394	21690
8901	9366
10368	11683
11063	12006
5173	7155
21500	22104
4780	6210
13220	13226
13170	15961
9130	9354
21212	22761
5214	5931
6556	7714
21196	21343
21580	22341
21394	21395
4479	5058
3043	3856
4927	5027
12975	13072
10622	10648
6973	19238
803	1295
14658	14832
21600	21601
19124	20377
17868	17869
475	559
11761	16352
21296	22331
4528	4544
14933	16735
19528	20701
7000	7745
21909	22701
3868	3871
13640	14243
9910	9912
8651	16011
21351	22892
8335	9738
8361	8362
8348	8699
16061	17979
7920	7921
19534	21162
8024	8029
8022	8790
9270	9595
16557	16558
19133	21150
18757	20242
14637	16955
19324	20661
10763	10871
1195	1204
9789	13645
12205	13821
14649	14657
17285	18331
21413	21850
3847	3848
15047	15202
7110	7113
4690	6179
18923	19267
19439	20330
5788	5805
6078	6099
3651	5402
9836	10301
14688	14696
13134	13480
8182	8981
7876	9117
12852	13242
15035	15041
21448	21613
7901	9757
6196	6403
21284	21491
15596	15597
22425	22571
8567	8736
4240	5102
16386	16433
9760	11195
5981	6013
19756	20270
16668	16861
2120	3638
8370	8824
4180	6548
11800	11866
3164	3651
5585	5599
13669	15886
9785	13645
8617	9648
4321	5555
12307	15801
4387	15366
14895	18505
11805	11822
16518	16630
21353	22322
21192	21253
16132	16139
7992	9257
7277	7724
2294	3618
15357	18119
15113	15540
9764	16623
9774	13645
15035	15046
3864	3865
7192	7193
15740	17288
18762	18905
1009	1015
8523	8911
8110	8450
21400	22037
13404	13427
799	801
8097	8479
5503	5512
4131	4291
2144	3314
16880	17442
7322	7426
8547	9160
19241	21129
21353	21847
21805	22352
13140	14889
4574	17936
19453	20440
18957	20819
20910	20911
22558	22559
1085	1114
574	600
10478	10480
7001	7026
4237	4249
621	1167
7186	7195
842	844
8764	9321
8958	9442
15853	15887
21515	22851
14889	16592
5767	7461
16011	18042
19386	21131
19699	20407
21611	22319
4007	4008
6371	6789
5993	7181
13006	13020
19485	20029
4121	13156
18814	19427
3020	3386
8243	9188
8586	16812
9970	9991
19693	20017
9017	9633
6422	7325
8452	9251
1273	1282
21905	22480
20907	20908
21391	22767
8736	9719
1422	3542
9219	9349
17102	17157
8377	8415
16441	17247
4156	4618
9853	9855
7874	8779
6253	6629
10721	10734
12142	14534
8293	9465
8295	8901
21401	22658
15266	16664
6403	6404
19486	20103
957	987
13050	13071
14487	17150
16399	17369
7901	7988
8485	9351
6444	7622
21016	21018
14754	16554
4432	4470
13410	16141
13119	17443
11505	11515
21868	22812
13838	14440
3870	17947
21809	22341
22341	22500
5879	7440
16431	17300
8279	9462
15606	21850
22436	22705
14657	14661
20101	20633
8952	9730
3192	3745
13441	14730
1185	1216
8189	8719
21204	21775
13953	17913
18841	20273
16904	17057
19385	21720
814	839
5743	5824
8346	9564
12200	12232
9278	9279
8179	9484
6279	6506
17453	18002
16461	19453
8196	8834
12420	12639
19151	19845
21413	22363
4583	17239
652	675
3724	3747
20016	20017
21204	21997
21634	22618
4165	4170
622	741
15470	15699
15832	16155
11063	11509
8202	9435
4736	5162
10659	11100
5249	5383
19781	21045
6451	6455
19143	21174
20848	20850
5987	6158
16880	17830
13930	18462
763	821
21663	22281
8121	9573
20333	20633
16395	18505
14920	16533
7622	7637
16328	16329
21488	21569
5316	5495
5740	5828
10212	10284
12837	17428
779	1327
7687	7837
14733	14752
8030	8326
8182	9431
12934	12935
594	1250
21226	21773
12938	16943
5000	17150
6282	7605
5860	5987
9200	9519
14679	16634
12429	15455
14664	14800
14226	14349
8816	9200
19163	19252
127	135
19301	21887
22147	22572
4577	6522
16554	16819
6347	6848
3866	3877
13409	13414
4293	4896
21268	21320
8726	9483
1766	3856
12094	13542
5665	5666
10357	14966
9160	9174
5173	14646
23024	23073
20633	20672
8149	9162
21371	22155
19879	19882
8171	16853
4441	4643
12821	12909
3934	4717
5036	7395
9863	9908
16498	16877
15662	16223
19505	20650
16026	16374
3875	4692
15228	15414
16526	18098
22958	22994
8836	9389
17011	17049
19371	19931
10760	10951
19833	19983
4526	7017
8898	8901
21800	22565
8053	8173
13154	17210
7901	8582
11476	15706
4479	4658
8415	9001
1289	1320
7988	8811
5389	5734
8937	9226
10619	11985
7112	7133
5050	5444
21553	22775
7218	7253
15231	19477
12366	12375
14386	20097
16644	17067
3890	4375
11605	12857
4546	4550
15800	16071
8914	9476
21365	21789
17783	17929
15510	18131
690	1168
22140	22421
5998	6010
8455	8528
8638	8639
8721	16812
9760	15748
16089	20143
4060	4122
9760	14499
14993	16141
16491	16655
389	394
9761	15161
9503	9682
15014	15015
4949	4950
3865	3877
7849	14920
15814	16032
9108	9483
11470	14886
5010	5383
9847	9987
14933	19238
1138	1323
8099	9188
8244	9297
9781	13645
21289	22202
8485	9380
9480	9635
11299	11404
21034	21035
1246	1309
4292	4333
6647	7092
5743	6982
17131	17911
9042	9343
21664	22281
19483	20738
8073	8883
19353	20670
4675	4814
8316	9170
8794	9499
8206	9040
10187	10347
8142	9662
11466	11627
8763	9487
2695	3206
16399	17112
18844	20939
4769	5647
6668	18469
7985	9720
19834	20581
17428	17448
19837	19865
15338	17085
6191	6192
188	344
8107	9712
8897	9122
15500	18228
8881	9417
3972	3973
19400	19403
20320	20371
16921	17100
5248	5567
16908	17565
22022	22298
624	909
10257	10289
5048	5108
57	16746
20864	20865
21231	21996
14337	16534
19833	20401
12352	12532
8166	8779
16647	17964
21777	21949
8332	9030
10257	10434
11572	11658
6319	18439
20029	20230
7170	7504
9093	9094
9772	13645
188	343
18891	19465
15626	15699
6287	6559
4200	4201
4437	7326
18757	20276
20584	20585
9798	12567
23014	23124
16532	17800
7889	8762
8726	9121
8024	8254
19152	19622
11912	11949
20096	20629
21301	21850
1172	1173
8871	9563
11800	12326
16492	16493
8932	9563
18909	19360
22929	23011
12837	15317
2409	2975
12500	16360
9953	18013
22273	22781
8680	9584
8278	9674
8928	9564
8289	8898
11679	11745
1198	1311
7892	8729
19277	19544
14429	14430
17732	17733
8354	8564
8781	9200
6155	13985
8053	9648
4661	6353
5780	5938
8297	9543
14512	17260
7314	7533
6781	6983
14746	14747
22031	22829
22630	22631
7962	8826
8182	8379
20271	20867
13772	17670
8790	8901
1393	1503
1592	2116
7997	8075
15301	16340
16472	16473
16636	16687
18936	20952
6742	7147
8114	14920
14231	17947
8494	9302
6858	6859
8099	9740
8176	8901
7960	9564
1107	1136
6403	6452
14664	17301
9896	9897
19848	20233
6786	7469
1947	3286
9040	9553
9099	9681
18890	18929
6727	6753
10629	10642
10781	10805
12307	13476
19269	20562
978	998
12860	14676
870	877
191	308
2781	3086
20069	20289
1139	1185
14026	14691
2100	2126
21247	22644
19927	19929
18805	19993
5830	5864
3869	3870
7859	8455
1025	1136
8509	8916
7992	9689
2013	2017
734	753
20101	20698
8524	8907
12370	13492
11745	12020
11914	11945
23040	23041
12235	12260
13303	18225
10879	13508
12452	15186
573	628
15420	17040
18765	19269
11546	19874
8080	8961
18765	20582
5180	5185
9273	9281
8260	9462
19993	20001
20190	21040
22341	22753
16903	16904
9417	9504
21480	22467
12644	12937
15766	15767
8332	8736
16729	16914
2549	2812
9761	16623
11514	11682
21504	22341
3938	3960
19084	20842
17259	17964
21669	22018
8651	8721
12837	16741
1575	1594
8153	9074
20206	20583
20898	21066
8790	9564
9450	9462
17208	17492
4902	4905
13842	16141
15582	18202
15187	15763
16153	17329
810	1232
14933	16734
8460	8466
10692	11148
17150	18090
9090	9548
5806	5845
16441	17141
5950	6706
8935	9731
16636	16638
10384	10399
7182	7193
20429	20644
7578	7586
17620	18048
11229	11457
10749	11116
8916	9564
16449	16456
19535	20029
9760	15999
638	702
9798	13645
8032	8158
164	404
1205	1274
10076	10110
4622	4645
3629	3651
8331	9054
10633	15617
7654	11713
21562	22038
947	1316
8179	8517
8910	9094
6457	6464
10879	14637
15041	15046
7876	8022
6287	6322
6074	6154
15221	17036
21800	21840
19453	20421
14534	14542
5584	5585
5809	6066
6444	7791
9125	9214
13776	13777
13951	14376
8598	8790
13136	13412
18802	19791
8008	9643
5743	6133
17808	17992
11079	11091
7868	8916
10016	10565
20498	20518
8253	9262
3085	3401
22051	22512
14664	15823
18635	18637
18758	20270
9275	9463
7886	9200
4048	5375
1310	1314
9798	15710
8022	8211
4767	4795
5743	7656
4696	7020
4790	4838
9760	14340
915	1300
4076	6562
7286	7289
11436	11439
11745	11830
16360	17208
4311	4572
19968	20177
3357	3585
12576	17104
14985	15307
5743	6130
12837	15355
8332	9564
14637	17162
7868	8915
16223	16481
21607	22804
9132	9633
21733	22096
5593	5599
5670	5675
12790	12794
3864	3866
21388	22648
1009	1014
5491	5836
7953	8022
11918	12021
4604	17344
21383	22672
4675	4689
5858	6299
8171	9305
13599	13600
8191	9633
16703	16704
21663	21664
9791	16262
7976	7992
19250	19491
9587	9683
21770	22699
8707	9645
12837	17132
17980	18454
4879	5031
1085	1113
5461	6289
975	1317
10699	10706
3935	13667
8146	9633
15175	17195
18764	18921
4197	4201
14061	14231
16559	17047
6985	7151
452	453
604	669
842	845
8707	9111
17011	17735
19491	19732
22264	22341
11964	14504
21479	22892
8790	9181
8979	8980
5685	7000
9000	9412
5552	5553
4342	4696
9065	9217
2837	2838
4661	5084
8586	8621
9158	9537
14767	15904
5437	5568
4570	4578
13985	14852
21548	22469
8447	9462
15351	19009
8097	9258
7595	7599
21574	21818
8121	8791
1303	1331
14657	14659
1550	2003
11631	14388
8754	9157
13668	13669
6217	7382
14847	15365
2942	16535
21734	21948
7922	8627
19746	19747
8034	8409
22140	22689
10719	10720
1131	1165
18907	18909
5036	7597
4432	4471
7855	8577
21387	21984
8242	8467
7955	9548
8045	8648
782	1166
9121	9383
15558	18134
5738	6717
5938	6357
402	404
13905	17892
8216	8244
8195	9464
15159	17081
8475	9434
9761	14499
15162	15477
21568	22625
8029	9438
6963	7303
8427	9122
17662	18740
22908	22940
16437	17117
6177	18404
18626	18634
15465	15466
8821	8932
4982	5010
6137	6190
7984	9013
9761	15687
18857	20927
21739	21775
10357	14488
10061	15211
13154	17969
6347	18442
4982	5271
8125	8882
16904	17058
21268	22710
12478	12483
21413	22762
14086	14367
9760	16018
7869	7872
8662	9102
15854	16141
5185	5320
5512	5619
7922	9158
9784	13645
16700	17979
15073	17575
7882	8898
20230	20398
9127	9679
15061	16128
15684	15688
21527	21745
12400	15005
14891	16259
6346	6607
13769	14020
592	718
19833	20092
9771	13645
18351	18353
8865	9365
19025	20498
19404	19412
18797	19202
9292	9677
11409	11517
16077	16142
21733	22700
16424	16426
9383	9483
54	64
9975	9977
10010	11470
758	760
7290	7508
7670	7672
8970	9255
9924	9958
3876	3930
7992	8078
8707	9266
18915	19858
14301	17165
17291	17292
7901	8881
8726	9625
13578	14814
5922	5970
4764	4842
6351	6430
10357	13181
8118	9683
9177	9595
21804	21899
8560	8756
12579	13360
7064	7147
21577	22023
22096	22700
10443	10471
8327	9550
12996	12999
7972	9734
7422	7534
7906	8661
15157	17015
4157	5301
10372	11728
13995	14126
1144	1184
4536	4885
17407	17408
17421	19519
1655	3379
8455	8538
21943	22012
22958	22995
19069	19520
4051	5154
8415	8790
4962	5251
10099	20994
16826	16933
18086	18093
12887	12908
5725	5753
6401	6432
8904	9040
9760	12419
10334	10361
10650	14035
12353	14026
9443	9560
19161	20092
1292	1294
8343	8842
13733	16592
1949	1950
5077	5985
6045	6046
5022	5026
12489	17269
16908	18124
8099	9375
6226	7516
8358	8923
11326	13971
19467	19961
20202	20860
12685	14198
16524	16821
8172	16853
7723	7729
10668	11406
18836	19550
4215	5326
8227	9564
8072	8783
389	393
8114	8621
8639	9574
21276	21764
11682	12254
7049	7062
13929	14243
15321	17139
18896	19906
7965	9526
20535	21885
21347	21353
11615	11682
19074	19961
14222	16360
18934	19934
7032	7037
8164	14920
6747	7001
8297	8790
21780	21812
8464	8854
10630	10708
20536	21720
9181	9186
16441	17102
5758	5797
8418	9593
19064	19105
9777	13645
5888	5917
19235	19470
4900	4957
15814	17139
19837	20306
5540	11846
607	690
17686	17688
116	127
9766	13645
11466	13082
7879	8022
14651	14659
14219	14310
20017	20466
9402	9595
20101	20293
11008	11087
17526	17723
7977	8648
5758	6178
6552	6553
12215	16579
6452	6471
8170	9365
10332	11694
13065	17599
7992	9355
2275	3726
8614	8851
19009	19011
5266	5987
17644	18299
6254	7411
10660	10661
4900	4932
7901	8575
18757	18765
4532	4875
697	935
15761	16020
8302	9548
16534	17842
4982	5383
1180	1230
12808	13053
21225	21311
21710	22618
14781	17968
1538	3482
4366	4502
8891	9431
11607	11781
12326	12391
8486	8488
21899	22059
6684	6704
8770	8959
12641	12813
4769	6128
4914	5294
5082	7261
9045	9724
7901	9504
9013	9443
16153	16295
9798	12564
19138	20641
18917	19769
8467	9548
7889	8761
22031	22823
8591	9417
8821	9137
1040	1068
7191	7193
171	14832
6858	7333
1046	1314
15046	15241
6208	7385
8767	9477
701	714
8022	8176
9836	9849
4696	5124
20589	22767
7986	8592
7168	18667
8348	8852
9330	9331
13532	16340
1309	1317
8289	8897
14329	15735
16501	16505
4306	4342
8454	9074
16098	16223
11429	11537
6852	7428
12235	12265
58	66
17775	20774
14914	15094
9798	16077
7897	8335
1512	6353
8156	9722
8118	9505
18321	18330
16454	17167
22407	22452
21982	22273
612	636
7962	8827
16406	16407
10693	10694
446	457
2323	2586
8298	8332
4256	4455
19235	20203
7973	8718
5189	5307
16336	18510
12551	12727
5592	5599
2724	2951
7678	7681
8048	8912
8648	8813
21616	22480
17011	17021
5868	5869
18156	18157
13926	14433
20273	20286
20200	21141
10042	11711
12370	13575
9275	9450
9276	9428
15278	15369
21864	22341
22227	22708
8156	9713
8801	9261
19030	19628
18825	19414
826	828
21527	22562
14670	15291
4183	8707
6253	6524
9159	9483
11735	11736
6009	6025
1284	1291
6925	7136
7106	7578
17227	17228
22026	22600
7986	8022
9949	9992
19059	20166
18780	19453
20161	20474
4454	4714
20101	20103
14019	14197
7888	9563
6403	6460
22390	22888
262	283
5943	5947
8202	9686
8827	9417
6657	7361
13951	17610
6941	6993
4814	4863
12452	15187
4855	4956
1620	3682
5530	5568
19351	20412
23068	23069
871	882
8935	9714
4041	4746
11921	12436
5743	6470
12909	12966
1050	1063
8743	9564
6247	20503
19352	20511
800	801
8639	8651
5358	5360
5787	5970
7881	8099
19484	19747
21792	22341
4900	4984
8777	9477
9849	9910
8648	9658
10346	13891
8414	8891
13256	15020
16689	16701
19493	20167
11866	11877
1362	3014
8790	9565
4767	4788
9450	9463
9420	9527
5803	5804
8924	9593
8374	9054
6060	6063
18807	19262
20170	20293
4577	5625
7910	8701
9463	9674
8437	8438
8439	9596
6198	6417
18857	19439
8105	8119
766	1148
785	789
6606	18380
8715	22107
667	1221
7598	7779
8129	9415
9762	16623
15886	16599
18759	18760
13326	13693
21276	22136
18998	19010
9304	9648
7986	8155
10051	10059
14062	14107
8421	8916
19253	19551
14653	14659
1009	1019
4534	4554
5189	5501
8504	8928
12458	15318
5056	13730
8564	9015
12684	12685
19435	20008
970	998
7979	9417
22157	22639
8557	9200
7891	9093
4232	4946
20112	20879
18415	18416
11605	16979
12307	12437
8523	9540
15889	17916
7027	7184
9793	13645
13349	13357
5031	5139
7870	8913
8267	8282
5071	5256
3085	3400
18891	19541
18891	20120
7986	8437
1739	3494
9275	9462
8980	8983
13836	13839
17453	18028
11165	11208
19249	19260
21517	21518
98	136
13011	13114
8567	9719
2147	4501
4293	5273
1881	5197
7881	9483
8279	9024
16441	16687
8702	9092
8455	9250
14097	14547
4022	5815
5743	6167
17867	18308
20463	20473
1031	1036
15741	15742
16515	17118
10478	10479
4803	5523
8421	8821
11209	11679
9016	9025
21669	21846
8466	9502
21363	21684
5788	5798
13891	15621
4448	4449
19137	19893
762	763
8807	8928
14525	16787
3884	3885
587	1122
3864	3867
9930	10669
5018	16515
10508	20819
1009	1013
3652	3800
15239	17564
8754	9685
21277	21988
9769	13645
13452	13454
5489	5620
8532	8928
915	953
8087	9007
1085	1112
15023	15378
9783	16262
11326	11463
16538	16819
4197	4200
5983	6346
17899	17900
23019	23020
12639	16829
19620	20582
8051	8381
8117	8118
21638	22310
9792	13645
20072	20906
12244	12544
8638	8970
5931	5940
7901	9378
10619	10820
21439	22221
14132	14133
932	1300
2149	3607
11481	11542
4156	4435
6903	6969
14231	16435
5743	7234
12630	13645
12857	12901
12938	16944
4497	6389
20633	20635
21988	22444
19520	19786
20907	20910
13444	15032
12837	14678
20599	21007
23041	23073
9849	9962
5813	6068
18746	18747
21255	21824
7856	8895
10848	10964
21996	21997
22036	22037
8168	9483
19723	21097
23020	23021
4202	4204
20045	20891
22112	22540
11572	11594
19486	20101
631	699
7985	8464
18907	18908
784	940
3883	3885
9336	9682
7183	7193
21182	21527
16360	17492
10546	10547
5775	7209
12578	14117
4177	4292
17965	20950
12685	14359
730	731
8010	8241
11031	17227
22341	22599
18626	18635
6008	6938
13694	20317
12313	13197
14688	15782
4457	15312
3867	3883
19291	20229
4043	4057
12142	12200
15337	15340
2983	4853
21353	22452
270	344
11385	16121
2762	5298
21319	21447
12429	17639
12710	12727
19488	19952
6253	6398
19539	19575
4695	4774
7666	7669
18961	19313
9845	9944
16582	17102
21364	21666
19939	20065
14719	14735
14305	14852
1139	1176
9030	9378
14991	15677
15402	17979
21475	21575
21839	22565
9064	9114
9425	21649
13995	14637
11724	11733
3177	4877
14701	14774
13119	17789
13951	17224
16582	18057
1840	17887
11008	20315
19689	20538
6006	6028
10687	10702
11679	11859
12164	12847
7984	8311
18985	18986
9251	9276
2978	3500
22658	22659
14920	15772
788	818
8304	9326
15187	16139
21807	21818
15274	16360
9775	13645
19009	20505
7171	7277
7973	9483
8098	9160
8906	9351
19293	22581
16441	16716
680	1140
789	899
6248	6537
10378	11090
4410	5323
21353	21809
21752	22797
5923	6087
8316	9159
4882	4948
9401	9500
21214	21984
6155	7440
21577	22841
15700	15705
14741	18273
7167	7246
4202	5004
19533	19685
5923	7285
9905	10072
8901	9213
14637	15682
9554	9676
20416	21038
10318	10322
4778	17842
8599	9588
4232	7506
783	786
11080	11431
13156	15605
3231	3710
5036	5462
22140	22424
6347	7824
6274	7824
18926	20924
7444	7574
8098	8841
605	606
6657	6669
14660	14661
473	563
8377	8774
21398	21508
10602	15029
706	707
21393	21690
8851	9591
767	821
19988	21028
6610	7063
10544	10545
1454	1873
8345	8939
773	1034
21914	21915
21905	22236
8022	8662
3477	3478
13307	13717
6450	6468
7549	7798
7887	8893
13926	15063
12837	17557
12366	12373
20206	20829
19309	19446
11412	11514
20065	20405
16312	16360
14525	14612
13006	14649
21632	22200
706	788
3572	3614
8636	9507
15176	15177
8532	9415
15600	15835
19159	20143
5987	6183
1219	1306
389	392
4804	5952
21887	22634
603	609
7227	7361
20101	20170
9364	9635
8575	9417
21907	22140
7755	7778
13635	14465
8688	9564
17644	17810
3886	3937
8326	9442
4948	5321
16507	16587
19439	20070
14439	16534
16441	17800
19747	19748
14803	14955
8952	9364
3976	4889
10218	10239
906	971
4696	7185
18020	18213
3910	7393
4565	4567
17523	17722
14862	15437
19268	19483
13508	14637
8562	8733
18924	20612
19520	20549
19351	20320
19189	21168
7952	8467
877	896
21210	22425
4008	4121
4404	4493
9281	9717
10911	10918
15402	17317
18245	18256
11125	11126
190	276
1152	1171
5058	5172
5180	5320
14026	14738
5529	5568
2094	3855
8709	9205
7977	9412
6017	16604
15109	15318
18964	20712
18822	20024
22161	22540
4731	5116
7992	9161
9160	9390
4302	16522
22036	22892
18892	18982
4981	5000
14889	17628
21400	22095
12222	12252
15125	15172
19742	20849
8242	9417
7020	7024
8871	9564
12438	12478
2713	3658
9778	13645
21775	21997
5412	5445
19927	20636
4421	4428
15651	16746
7960	8879
5775	5857
4074	4353
12979	13078
4713	5586
3864	3883
9121	9483
13109	13138
4704	4706
1202	1206
6565	7429
13112	16455
4200	4203
8221	8244
18890	18893
21477	22893
4236	5363
6002	6010
15321	15884
7660	7666
1250	1315
591	690
6137	6453
14814	18194
16318	16327
8383	8927
14447	14543
17259	18090
21515	22692
772	774
8069	8464
9057	16812
8545	8560
14231	15426
21448	22676
728	729
4293	6100
640	741
16858	16913
15688	16060
19303	20017
5067	6252
8770	8772
5031	18313
1014	1044
19736	19998
5282	5286
9074	9647
8194	8939
4909	5456
4681	4804
4958	5202
8160	8349
4224	5858
11983	13637
12781	12789
14725	14743
19030	19626
18913	19352
9762	16018
4001	13082
8222	8244
12978	15448
9787	13645
5824	6091
21862	22423
21353	21791
10678	11467
21390	22851
782	840
21311	22471
8541	9694
7503	7614
8529	8544
8754	9093
21538	21620
16982	17317
19499	19990
8176	8790
986	997
14637	17340
4960	5285
4392	4401
19669	20273
5760	5761
6727	6755
10936	11720
15651	16419
22191	22242
13561	15826
17082	18176
15375	15454
21430	22417
6452	6493
2116	2361
10105	10120
576	1046
8438	8439
8970	8971
12520	12535
10674	10680
8049	8331
18310	18398
7933	7948
8541	9687
8837	9204
11008	15120
15167	16788
638	690
3235	3438
9106	9111
1455	1933
14962	16982
22086	22087
13387	17598
8491	9151
16333	16336
8099	9384
15504	17473
21547	21620
8179	8931
8911	9540
4583	15510
17551	18384
15869	17755
7901	8348
7922	8908
13230	17726
699	760
8164	8818
4392	4779
14641	19389
19351	20585
8024	9262
11183	11246
648	688
22787	22820
6315	7411
9867	11859
7505	7506
8916	9114
17750	17753
21351	22403
12556	21038
12965	13067
8029	8254
8119	14920
9765	13645
9321	9404
4982	5166
2087	3300
5743	5896
4767	4791
8042	9665
13303	13999
21283	21808
4492	4503
18934	19520
7870	9165
10758	10761
8970	16011
16446	16448
8004	8648
21353	22031
22436	22673
643	661
7992	8014
19410	20179
9662	9669
12653	15027
17808	18318
21204	21231
13154	17850
14920	16057
5743	7131
8648	8835
13951	16395
7992	7997
11207	12367
20046	20842
21783	22341
3865	3866
638	700
9214	9532
15447	15649
6104	7105
18802	19272
6341	18743
22032	22392
8583	9442
7321	7325
7210	7403
5963	6923
6504	7735
14283	14558
7975	9222
14649	14662
8000	9479
15884	17139
13181	15233
8117	8709
18917	19483
5213	5230
11008	11177
21434	21741
13504	13512
4151	4152
8746	9020
699	758
16441	17225
8935	8981
15566	16126
5079	5084
17132	17325
12596	12670
9184	9607
8871	8932
14376	18505
8436	9596
774	1208
4394	4404
7861	9483
13103	13106
13007	13991
16904	17938
14172	14470
1009	1011
17469	20467
21297	21885
158	16904
19181	19728
12815	12929
4844	6117
7921	8099
18896	19669
21413	21824
8349	8912
5714	5719
4663	4798
966	967
8892	9643
6924	6925
839	842
2318	2517
11056	13876
6251	15125
20100	20419
19943	20061
8651	16812
18891	19443
18911	20160
9802	15490
4818	4919
14329	14730
22973	23001
946	950
8240	8901
8408	8807
5923	7149
8223	9074
10095	14174
5754	5782
6371	6785
1009	1012
15461	16431
19702	20626
12886	12934
7997	8014
18982	19990
9104	14791
19543	19577
15887	15917
4526	4530
18757	19602
8461	8581
11523	19243
14149	14420
1085	1111
9200	9408
15230	16433
14832	15343
1875	2413
8130	8834
21311	22424
20563	20746
12519	13129
16543	16636
19694	20348
21350	22542
842	843
9760	16922
934	989
7200	7540
8053	8790
16904	17078
10693	10957
4916	16011
14026	14073
9761	16018
11930	11944
4790	4935
8551	9648
8179	8416
13635	14663
10816	10819
17652	17810
22124	22428
21878	22176
8545	8756
8020	8176
3633	3634
6544	7526
798	801
12533	13262
16543	17800
4987	7803
8299	8606
1009	1034
9564	15959
7905	9646
6973	14933
20232	20306
612	669
19869	20262
18891	20273
22183	22720
17900	17902
8187	9272
5053	9641
18913	20602
8957	14688
8629	8638
7254	7817
16046	16800
963	986
5210	5382
5931	5932
4291	5134
8592	8811
8464	9648
7203	7404
19446	20247
6893	18595
19005	19998
6112	6648
14928	15005
8099	8680
20586	20751
6075	17429
8053	8454
4803	4804
10754	10803
5327	5507
8067	9431
19519	20017
11745	11976
11396	16524
16982	17266
7889	9552
10783	10784
11661	11722
7619	7630
4250	5102
8568	8573
12123	15956
21369	21387
17004	17005
12200	12235
788	820
4980	6740
16419	16746
8702	9046
8358	8419
8882	9564
448	452
22767	22820
929	960
5425	9691
9548	9564
8460	9334
10862	10984
6009	6103
7720	7780
12775	12776
8648	9379
14343	15732
10053	10218
8020	8790
15510	17239
9795	13645
14028	14061
12837	15857
17238	17580
8621	8623
19204	20101
1046	1200
16470	16496
13635	17301
13303	18133
21412	22851
20272	20633
21643	22232
14737	14747
6075	6172
4822	4853
711	713
11559	11572
20449	20450
4790	5049
6540	17620
9768	13645
9782	13645
8702	8910
6165	6166
17494	18075
9763	9770
13065	13091
21296	22497
572	647
8289	9099
21988	22475
885	947
22548	22764
8354	9417
7889	8254
14637	14981
4594	5233
19465	19563
4876	5873
5391	5512
7986	9545
8680	8828
12305	13818
8098	9272
8586	9312
10753	10763
16056	17036
12987	13181
1057	1240
4102	4103
7290	7291
12837	16554
16360	17580
16578	17074
18827	19362
6216	6346
21490	22289
10760	11037
5352	5639
5665	5671
12094	13541
19961	20552
11503	11596
21768	22646
4457	4458
10357	15742
15321	16032
15529	15530
16239	16360
22906	23112
19709	19726
10800	10808
6680	7530
5489	6194
22958	22993
8051	8156
9194	9483
7997	9161
7959	8310
18040	18043
11824	12610
21869	22726
21905	21909
9791	13645
603	619
19837	20707
12836	12917
16153	17238
8691	8927
8508	8639
21453	21985
8347	9518
11679	12307
21009	21021
6941	7146
14692	14832
21827	22399
8058	9214
21326	21850
16433	16922
8739	9201
4150	4291
5932	5940
9520	9540
14100	14101
21387	21704
8101	9741
602	617
9404	9601
18904	21037
19332	19874
10812	10840
21739	21997
20841	20877
23040	23073
4957	4989
14862	15326
5034	5037
5719	5725
13824	20498
8790	9509
3585	12307
6189	6270
9055	9411
14891	16464
18832	19179
19427	20633
8098	8316
15028	15032
4138	7353
4577	5775
8024	9016
2012	2017
8901	9594
6215	7434
14171	14174
4806	4908
18915	20743
19494	19610
8028	9177
10784	10850
10862	10871
22186	22205
1030	1139
12316	12317
4325	4337
4659	4666
14086	14433
19130	19805
8427	8899
1154	1281
9797	13645
9564	14920
15155	17199
718	737
5090	5091
15330	15331
12917	14054
9158	9477
2016	2017
4790	4916
642	659
4315	7727
13926	15402
13018	14652
14329	17817
21439	22481
17150	17259
15023	16491
7845	8244
8690	9365
4909	5066
3869	3888
523	525
11241	15591
15113	17389
21563	22775
21319	21909
7317	7322
9365	9370
8316	9483
15761	16455
8428	9319
7960	8880
9483	9564
7986	7994
11196	11605
7986	8848
22332	22772
19273	19588
21502	22341
5036	7767
5975	7526
6609	6875
14713	14780
19830	19833
9209	9214
13050	13115
21426	21804
6538	6544
9856	13548
11626	11698
4929	4966
18890	20577
4790	16011
6041	7298
9417	9522
15747	15783
5923	6884
10346	10371
16582	16933
22036	22309
7739	7808
6410	6411
6136	6268
5422	5427
690	1208
16908	16954
19483	19855
21311	21353
6543	7327
12837	14701
6858	6863
6964	7463
21553	22582
8632	9122
953	1300
12529	15469
21553	21563
2268	3129
8026	9177
16667	16669
9094	9665
19670	20273
19499	20738
3138	3316
14652	14659
2104	2105
9796	13645
9794	13645
4201	4203
22633	22635
8464	9720
8684	9417
19265	19327
6253	6348
5743	5997
13906	16205
21350	21353
19709	20723
7996	7997
13020	13130
5855	5870
21443	22615
21617	22525
14263	17239
5364	5440
4374	5203
9629	9633
5058	5059
6235	6468
8807	9564
15782	15793
1249	1250
21602	22096
14754	16819
1548	2862
11560	18273
9066	9200
19427	20586
18838	20730
986	994
5550	5568
12487	14655
4303	5065
4577	4842
12884	13224
1616	2867
19202	19365
21921	22398
4873	18060
4643	4696
4064	4086
8352	8449
9214	9627
17150	17964
20320	20411
3869	13300
191	305
8298	8437
8642	8790
4546	5123
7852	9648
14803	15168
16449	17219
4574	7065
667	1225
9442	9637
5417	7481
171	390
6381	6795
1152	1217
4900	4979
585	1231
17814	17903
8146	9296
1775	1821
21225	22462
3949	7624
8739	8944
16729	17538
7422	7506
4133	4360
572	728
9314	9617
9836	10050
6331	7316
4876	5134
8331	9374
4767	4809
2564	2565
7933	8894
13402	15040
7899	9017
14263	15549
5061	5261
16756	16758
19218	19451
17321	17322
18816	19353
8611	9170
14649	14651
22646	22789
9051	9315
18757	19267
4696	6921
8705	8898
14581	14900
11679	12285
23049	23092
14541	15769
13469	18442
506	514
14976	15852
13955	15624
16202	16212
8562	9215
11442	11464
19135	20084
19407	19408
8901	9704
8310	9013
15047	16160
6264	6727
17210	17850
17011	17402
5102	6343
15887	16288
7861	14920
21770	22252
10351	10365
8099	8828
21921	21939
12663	18011
15814	15884
19031	19352
16441	17033
22995	23060
6099	7071
14985	15181
16611	16729
5983	6216
19383	21875
5287	6330
9763	13645
8176	9417
9761	13645
8142	9336
22994	23025
14015	16141
12837	16538
8790	9352
8147	8182
5351	13136
21903	21906
7990	8618
9156	9281
17188	17249
19855	20017
628	1133
8303	9548
10542	10545
19926	20084
21430	22658
8129	8791
10051	10061
15125	15734
638	701
16858	17192
21291	22714
4814	4815
1009	1017
5164	5342
8020	8901
5743	6925
7901	8743
8066	8403
8179	8518
9964	11470
10763	10859
16239	16312
9185	9200
9592	9648
18855	18925
8456	8778
8022	8901
8091	8173
11048	11242
19248	20041
15134	17093
18822	19030
20553	21042
5787	5922
3864	7200
6529	6558
7254	7690
8837	9512
10720	10780
10056	14541
7990	8824
9564	9744
16089	18962
7013	7111
14962	17885
11602	11603
5335	5551
15438	15925
1186	1218
8298	9015
18833	19511
5082	12685
5158	5178
16530	17259
8067	8379
22803	22806
1009	1010
9201	9202
19519	20466
12479	12484
18487	18556
8027	9177
8797	9226
4256	6098
158	16791
19161	19833
9351	9412
18896	19670
7982	9423
8024	9025
170	14774
5032	5187
21416	22424
11131	11163
9321	9332
4121	4165
8841	9160
15125	15639
9760	13645
21276	21353
19384	19695
23008	23059
19072	20006
18701	18716
8444	8884
10801	10828
5084	5344
10414	11022
759	760
8235	8236
16908	17059
8331	9517
19855	20738
15651	16013
11056	11209
12214	20219
18763	19478
14715	22289
6715	7428
8028	9262
8606	9584
19673	20879
21226	21230
4607	5333
14836	15761
16011	17386
118	119
4803	14487
5743	6613
9849	9959
16441	16807
573	1314
5931	6041
2117	2338
9493	9554
3910	15855
20277	20487
12596	12621
10550	15924
9024	9685
16245	16410
4654	4894
6993	7719
20273	20765
1016	1264
6363	16089
11287	11991
4843	5248
5130	5147
13790	13808
8465	9548
7382	7467
7290	7309
3815	3816
8080	8492
5923	6296
10202	10226
11470	15141
93	94
8179	8903
8798	9219
17013	17015
21692	21693
5021	5312
19024	20055
20582	20628
7901	8461
1383	3676
8820	9682
11720	11857
8252	9177
13579	13580
19136	19137
1834	2507
12852	12889
14962	16163
8242	9090
10149	10822
21772	21861
8182	8585
12837	14774
19017	19269
1135	1200
22347	22764
13734	19717
7891	8754
668	1284
10373	10858
6261	6304
445	446
2659	5623
8203	9512
8639	9252
8444	9436
5502	7464
9438	9506
21919	22419
3880	3881
16786	16787
8091	9483
4617	18483
731	1046
21800	21839
22944	22945
14477	18146
16015	16057
7988	7989
8289	8461
1126	1249
8053	9564
8397	8409
1994	1996
8345	9176
9504	9676
10349	14223
11515	11727
22347	22548
13076	13126
14746	15761
21769	22820
7930	8537
10059	10061
11241	14528
8790	9186
16015	16534
8589	8728
8354	8626
1034	1037
5793	5807
18891	19901
22096	22848
8754	9724
9419	9714
3767	3768
4570	4595
16441	16636
21377	22113
14889	16986
4589	15510
17579	18471
4731	4923
5021	5405
8131	8790
3957	3958
6247	6363
7881	8341
16470	16497
8172	9305
8952	9635
5491	6201
14014	17503
21286	22551
13096	15623
12732	12845
5523	14487
14742	17244
19881	20019
22024	22683
3989	3992
7867	8375
4899	18070
8091	8975
15445	15521
12537	12614
19427	20756
14087	19353
9762	13645
12472	12759
21583	22514
1274	1287
21342	22681
8639	9258
3911	14914
20178	20183
9214	9217
22654	22688
15814	15965
9974	10028
13953	17552
974	978
8036	8561
5820	18326
11957	11991
20324	20849
16611	17215
19020	19711
16578	16822
18986	19054
12399	12400
8916	9430
20908	20910
15281	15454
19453	21002
19005	19009
7597	7634
21791	22452
13303	15527
22535	22850
21710	22257
22083	22787
594	1314
6733	6734
445	457
15184	17795
8809	9411
1046	1232
9212	9224
12579	12863
17473	17480
1673	1745
16858	17572
4617	5381
12837	13220
9564	9668
5314	7378
19353	19410
19183	20916
767	1046
19837	20706
3753	3793
2720	3396
21342	22387
14878	15449
5189	5538
8042	8124
18527	18528
19845	20797
21776	21777
9630	9633
13995	14762
18020	18150
4790	4923
14592	16401
17217	17298
10393	10496
16531	20611
6196	6255
6555	6560
3801	3856
7947	8011
8171	9413
22181	22182
8332	8455
1301	1303
22381	22767
11521	11524
5029	5043
1219	1225
19827	21059
21318	22860
11542	11745
9776	13645
14658	14692
21393	21394
3867	15162
5143	5168
13355	13444
19959	20017
15445	15873
19483	20527
9873	15390
20270	20327
21495	21538
421	449
15109	16258
16323	16324
17551	17722
11857	11923
14263	15600
7454	18677
7240	7307
22079	22341
6972	7203
8073	8444
12810	13170
8512	8614
4435	4460
5235	5238
9989	10016
1062	1179
22338	22341
6279	6557
6356	7204
5626	5945
8952	9663
19441	19475
4580	4582
13951	18505
984	998
11448	11515
730	1046
12810	15961
188	340
3886	4175
11650	14828
8187	8830
12304	14745
8022	9564
4240	5811
5731	5732
4112	4114
7660	7669
8268	9685
9993	10016
21319	22860
8435	9596
10759	10784
16904	17282
18840	18844
11621	11622
1314	1320
14652	14653
14742	16986
17188	17648
8371	8376
22487	22767
4083	4790
18123	18124
16538	17132
4268	14741
16456	17091
6799	7448
10095	10424
5604	6899
13926	14086
11466	14544
8215	9462
8326	8958
8313	8314
12772	12781
13437	14914
16347	16548
19605	19722
3865	5711
7956	8040
13739	13743
755	810
4392	4421
9159	13896
425	428
13011	13483
4305	4357
11990	20660
12837	15103
18308	18312
9212	9405
11605	17090
22264	22692
16662	16708
13893	14260
1042	1043
1314	1315
21506	22595
5217	6215
21248	22692
21298	22795
109	117
18753	20308
623	1137
2720	2721
7850	9439
19355	20407
12077	14274
8916	8917
8898	9087
13748	13749
15660	15661
11761	20011
6323	6523
8137	9564
5575	5945
15295	17743
18894	18907
21713	22293
22809	22810
14299	18859
187	190
7913	9284
9836	9867
15980	16011
5717	18252
21296	21331
6004	6011
5287	5449
18844	20178
9316	9404
16604	16830
1231	1250
4392	4428
18891	19368
14741	14999
1873	3838
5983	6607
6326	6416
22440	22581
9293	9670
22250	22625
3856	3859
8987	9225
16376	16405
7965	8485
6254	6315
13772	17666
5743	7736
19235	20204
8648	8705
19353	20273
8834	9493
21803	21928
8672	9554
13681	17601
18763	18883
19431	20619
18807	20333
5312	5405
5583	5584
9679	9680
18814	20635
15429	15433
18245	18249
9450	9674
1186	1215
22000	22403
7889	9631
9764	13645
12429	18023
19486	20170
5809	7033
8524	9483
22432	22437
18840	20939
4064	4087
3879	3881
1104	1131
16316	17284
4740	4745
6870	6903
8269	8429
15113	15476
16357	17035
7933	9417
14223	16573
5136	18132
1152	1218
5236	9392
12520	12537
22346	22654
8461	9090
8430	8627
9015	9564
7435	7490
17768	17771
13926	14367
6543	6977
20034	20320
7897	8736
11287	11957
10670	10784
8332	9483
20117	20977
18876	19756
22226	22708
8128	8535
170	194
14889	18183
4767	4808
20034	20371
21791	22407
8886	9270
5926	6876
8552	10187
6816	7224
2458	3651
18883	19722
19267	19988
19990	20017
8771	9309
13642	14243
11385	17047
8079	8091
9074	9120
4957	6919
12458	15109
21840	22565
4175	4258
11242	17104
16360	17238
9049	9676
6667	17526
19910	20638
20626	21168
5864	5875
11207	12805
11353	11355
22962	23047
9965	15742
8454	9647
15526	16179
8225	9688
21905	22888
20334	20336
5788	5835
12420	15592
7218	7567
9770	13645
13727	19664
5570	17485
8298	8494
20408	21058
8743	8810
19436	20586
185	264
14649	14659
6311	6312
17285	18333
575	714
19009	19998
7931	8576
4252	4255
6753	6755
1045	1050
8354	9564
8906	9412
10754	10834
18918	19143
21663	22173
15542	15665
15230	16386
21909	21911
22341	22631
2345	2346
4859	5322
1979	3633
5196	6257
6290	6406
15219	16226
19811	19964
19179	19471
699	1180
8649	16812
10765	18049
4428	4431
8673	8835
4931	5251
16582	17247
1135	1183
7901	7979
1009	1016
14646	17842
21413	22618
1027	1028
7992	8746
14531	14532
17797	17801
18915	20409
1910	1911
4958	4960
8452	9267
19337	19918
21583	22007
17599	18035
1580	2835
13020	13026
1153	1256
10585	10848
5809	6070
11134	11242
15447	15578
22341	22428
15903	15904
12616	16666
16812	16853
587	804
4645	4650
4131	4150
4844	5262
8033	8182
8447	8905
14878	15369
16314	17047
12457	12649
8598	8901
7290	7618
8166	8355
11105	11240
14465	14664
9157	9205
9779	13645
947	1152
15780	16724
11299	11515
5534	11174
14754	16538
2010	2017
604	636
5329	5374
7994	8022
16098	16481
10803	10808
8614	9591
16340	16422
21310	21311
796	1133
12520	12614
9328	9682
736	764
2425	3498
573	1320
4121	4164
15828	17919
16433	17067
7112	7178
4900	5008
10936	10948
8707	9106
6403	6429
13469	13945
8006	9040
4969	4972
11524	11550
18889	19079
15526	17479
7933	8769
8421	9113
9275	9674
8316	8353
11534	12367
17867	18036
15243	15445
18236	18273
21708	21732
19354	19756
2002	3338
21904	21905
15516	16498
5743	6038
22112	22113
13306	13307
4148	4149
9481	18856
9761	11195
10120	10122
5515	5600
8145	8770
10721	10728
9525	9578
21210	22571
4603	5224
6487	7579
20277	20486
18843	20521
4243	4245
19374	19990
7969	8099
10851	11404
671	1225
8024	8668
6657	7227
14749	14762
9351	9380
7000	15737
14862	15201
4425	5355
4671	5240
4869	4885
2716	3067
6258	6259
8593	9411
15239	18123
16532	16636
9305	16853
19520	19934
19030	20835
18757	18921
20786	20791
751	781
9496	9757
7982	9438
23048	23105
9957	12429
17523	17551
22103	22714
6941	7438
574	580
14146	15131
22915	22916
4451	4750
9542	9637
12481	13887
584	589
22203	22350
19909	19910
7906	8533
9297	9323
13827	16609
17082	18397
21271	21844
8348	9378
21369	21376
7167	7213
9082	9643
980	998
12987	14044
18890	20574
22223	22786
3348	3349
4108	4109
5836	6201
7421	7819
16208	16700
580	600
21557	22406
8898	9720
11063	11515
1192	1200
21542	22341
17141	17146
14132	14134
14112	14132
6142	12361
10357	13175
15800	16345
15115	15130
598	1311
8638	9752
12406	12479
18988	20713
13655	17215
11560	14741
6307	7615
4060	6991
4479	5172
4298	4317
8415	8927
9538	9540
9790	13645
9760	15161
9367	9442
683	695
7768	7832
3599	5512
16009	16018
14733	15913
8332	9015
19056	20270
8959	8960
12235	12243
5564	5619
8946	9633
21434	22194
21399	22777
7853	8770
13262	14096
18891	19563
3882	3884
7881	9564
7885	8091
19400	19412
18807	20521
4387	4402
12124	12175
4410	7435
21234	21331
4008	7111
22166	22341
1146	1191
8235	8815
21342	22289
15126	15167
1246	1325
5458	5475
11466	13508
8763	9614
14900	15737
5560	18331
4576	11405
21244	22390
5743	6632
18807	18988
2654	2971
11725	11735
19499	20017
12719	12727
9461	9462
8210	8901
16039	17773
573	576
8523	8726
15514	16968
8438	8690
8241	8537
8421	8928
33	42
22024	22065
2435	2713
615	1196
6656	6926
18981	20017
5743	6528
1733	5197
8048	8349
4606	4636
5824	6917
3373	3549
10879	15682
7895	9089
20165	20854
22341	22490
19427	20730
7935	8576
6160	6407
11242	11458
6516	6522
10862	12554
14222	15274
8652	9262
13096	17227
5985	7172
7882	8303
5413	6137
15193	15194
15831	17972
5031	5776
10784	10949
11685	12768
2324	3407
6863	7205
21275	21289
21776	21778
21439	21450
13214	13222
6647	6917
13441	14329
20717	21112
1893	1894
13953	16602
943	1244
16393	16394
1246	1311
6594	6595
10346	10388
5114	6282
19324	20301
8743	8747
10653	13967
4299	4300
10707	10708
11207	14868
21426	22413
17126	17127
9773	13645
1301	1302
5005	5006
23090	23099
715	1046
13926	17979
19255	20027
18924	20061
4387	4440
573	594
3875	18349
16376	17404
11063	11574
16399	18208
16453	17394
2336	2348
7112	7113
9406	9564
15853	16166
642	662
17448	17449
22112	22673
10029	10739
9788	13645
4177	4237
8858	9488
8257	8638
12616	17093
21518	21992
2014	2017
7974	8402
19176	20065
21555	22055
4696	18576
9183	9285
18891	19753
6681	6682
7193	7194
8332	9028
13635	16956
9897	9905
12810	14592
21276	21791
7969	8611
17751	18085
713	1281
3956	3958
7074	7516
8098	9394
11371	12715
21709	22029
6085	7655
9767	13645
22217	22478
20014	20710
188	341
17085	17814
20017	20738
21893	22777
8039	9200
5686	5693
12533	14000
16908	17419
804	1122
6891	6927
8298	9302
8871	9416
4139	5287
8651	8970
14741	16340
8128	9493
4249	4369
8917	8928
16376	17085
21824	22618
9590	15980
11679	12613
22063	22140
8877	9266
8234	8244
4568	9634
12874	17338
6859	6863
4874	4893
5538	5573
5903	5904
8241	9485
7878	8250
12030	12327
6964	7405
9177	9514
12288	12315
2133	3311
12400	12485
12541	12657
648	663
12972	13115
13769	14061
18245	18246
19427	19565
19483	19769
19759	20084
8254	9320
21204	21739
6539	6551
7901	8684
5099	5377
10585	11104
608	938
21732	22265
8356	9365
17344	17731
14633	15289
3262	3309
193	194
15687	19412
8533	8916
7464	7821
15134	17237
19855	19956
9691	16683
17667	17670
21905	22701
21782	22037
15953	19759
4892	4913
9085	10653
7095	7185
10627	13197
7972	8626
5392	18199
6922	7218
10490	13097
21380	21913
12630	15837
20165	20987
998	1009
21284	22132
21370	22675
18540	19446
9825	9972
13018	13337
22411	22896
8303	8461
5978	5979
2070	3821
10871	10876
2637	2713
19812	21167
13140	13876
8511	9200
21345	22554
6019	6024
8761	8762
12815	14283
6153	7115
18844	20034
4632	4695
8731	8901
757	1196
6225	6384
8865	9633
8126	8141
9631	9633
8079	8492
13772	17667
9602	9629
14301	16123
20498	20652
10745	12804
10029	10051
10859	10885
18716	18717
11031	11158
5102	6418
11236	11855
22934	23024
16089	17927
8163	14920
8274	9584
17224	18505
14320	15968
624	1205
4254	4255
18844	20320
10741	10854
19996	21113
8146	9738
11177	12141
2011	2017
14713	15590
18812	20739
2713	2714
8770	8960
596	615
9283	9449
8790	9543
19997	20333
17916	18235
21762	22617
3879	3880
13065	15929
14343	14743
11031	17779
3959	3996
191	307
22101	22355
21248	22264
6891	7043
8467	9090
21419	22714
9224	9405
16254	16255
20610	20611
21833	22437
1152	1219
8901	9564
1562	2796
12667	12669
2672	2673
11242	11615
19328	19329
19214	20017
16573	16575
10208	10322
4234	15989
10474	10478
21905	22902
5755	5950
19143	20561
7913	9158
9875	15390
1373	3579
11657	11660
19238	20260
14676	14681
8846	9200
8067	8182
548	14788
10944	19730
22007	22146
7272	7273
210	262
8274	9683
5814	5896
12307	16684
8118	9089
16582	16593
19011	20101
1548	2196
8916	8931
11396	16549
12794	12800
11476	14783
19414	19706
14743	15732
16696	16697
20152	20153
8457	16011
21290	22337
4074	4448
4583	14263
13185	13269
8780	9460
18244	18245
20015	20788
6422	18138
18946	19575
4700	4719
753	950
4961	5606
9534	9535
13476	17913
6099	7296
19457	19910
10718	10770
19811	19972
11822	12214
1017	1066
6319	6363
8145	8146
8226	8582
19117	19471
19097	19961
7855	8330
19737	21164
4914	5117
6254	7777
14860	17233
8726	9564
4820	5036
854	855
16908	17921
9378	9417
17832	17932
22540	22816
23039	23048
9365	15959
20207	20352
23028	23070
18248	18249
741	751
17564	17921
4969	5137
8019	8022
7171	7175
9725	18586
11031	15623
8452	9276
6186	6539
4690	5708
8421	9483
8020	8021
4790	15980
11433	11798
13578	18194
4690	6173
7901	8140
616	624
8581	8898
8916	8945
14329	17257
15889	18235
9199	9496
21620	22424
1309	1310
4394	4403
13995	15811
5743	5802
7927	7945
7815	7844
21495	21620
1138	1309
21853	22731
13805	14173
4958	5285
21342	21669
8400	9496
20646	20730
21400	22036
18913	20867
8099	8812
2116	2118
8923	9563
7883	9160
8016	9662
21184	22552
13501	13930
4650	4844
21790	22269
14434	14455
14487	14900
5429	5887
8738	9219
21528	22412
732	762
12395	12594
21412	21515
13926	15315
4996	4999
8770	9309
4842	18667
9760	10784
13373	14716
13019	13945
5743	6272
21690	22038
4723	5445
7980	8324
9867	11745
16606	17247
209	15788
14075	14085
16702	16868
19961	20648
7901	9381
13272	13279
9953	9983
9780	13645
10095	14171
14989	15937
15134	18061
17188	17376
19446	20248
20060	20710
4482	5224
11579	19372
8326	9376
18847	20273
8586	8623
13985	18344
21821	22413
8349	21464
13635	14800
9647	9747
1133	1184
3924	3931
15513	16298
19423	20842
10862	12202
17259	17451
22228	22517
741	1133
5102	7334
542	555
16929	16934
15052	21054
4918	5094
8135	9404
1440	3710
14781	17785
19746	19749
13334	19882
5987	6254
19334	20302
22249	22688
7611	7803
5743	6837
6463	7664
6463	6828
13635	14664
21016	21017
8401	8524
15330	16953
21260	21547
7667	7671
10879	11466
8394	9282
751	780
8179	9653
13229	17740
8055	9648
19098	20449
12845	12867
7485	7486
14709	18940
5562	6339
730	732
12668	12674
21311	22402
7901	8636
9036	9518
8142	9669
8145	8960
8414	9431
3863	6487
19952	20437
14786	16153
18876	19354
11209	12307
21204	21996
9067	9214
13951	14895
11404	11448
19739	20074
2818	2819
5229	5266
8114	8316
8639	9399
11063	11514
8049	9517
19014	19020
15862	20426
4403	4404
4010	5308
19010	21113
16441	16823
22289	22391
5460	5463
22498	22581
4900	5006
180	299
7239	7289
15426	18203
8586	8649
2015	2017
4063	4065
17945	18026
9462	9463
15114	15115
5711	5739
5323	5620
9364	9449
18756	19353
13577	15583
14111	14112
19683	20548
10848	10871
3651	3800
4931	4962
17700	17702
5946	6106
10892	10893
13339	14063
16077	16985
14688	15793
6543	6598
10253	10355
9786	13645
21419	22128
8360	9102
10871	10885
21719	21834
3882	3885
9365	9564
11022	11506
11866	11870
4302	4725
16538	16554
15322	15622
5457	5458
6009	6109
7960	9417
4173	16343
1050	1051
6313	6548
7998	9614
6994	7023
12991	13001
19576	20625
14388	15659
8354	9015
4603	4842
8413	8536
