1	1
1	2
1	3
1	4
1	5
1	6
1	7
1	8
1	9
1	10
1	11
1	12
1	13
1	14
1	15
1	16
1	17
1	18
1	19
1	20
1	21
1	22
1	23
1	24
1	25
1	26
1	27
1	28
1	29
1	30
2	31
2	32
2	33
2	34
2	35
2	36
2	37
2	38
2	39
2	40
2	41
2	42
2	43
2	44
2	45
2	46
2	47
2	48
2	49
2	50
2	51
2	52
2	53
2	54
2	55
2	56
2	57
2	58
2	59
2	60
2	61
2	62
2	63
2	64
2	65
2	66
3	67
3	68
3	69
3	70
3	71
3	72
3	73
3	74
3	75
3	76
3	77
3	78
3	79
3	80
3	81
3	82
3	83
3	84
3	85
3	86
3	87
3	88
3	89
3	90
3	91
3	92
3	93
3	94
3	95
3	96
4	97
4	98
4	99
4	100
4	101
4	102
4	103
4	104
4	105
4	106
4	107
4	108
4	109
4	110
4	111
5	112
5	113
5	114
5	115
6	116
6	117
6	118
6	119
6	120
6	121
6	122
6	123
6	124
6	125
6	126
6	127
6	128
6	129
6	130
6	131
6	132
6	133
6	134
6	135
6	136
6	137
6	138
6	139
6	140
6	141
6	142
6	143
6	144
6	145
6	146
6	147
6	148
6	149
6	150
6	151
6	152
6	153
6	154
6	155
6	156
6	157
6	158
6	159
6	160
6	161
6	162
6	163
6	164
6	165
6	166
6	167
6	168
6	169
6	170
6	171
6	172
6	173
6	174
6	175
6	176
6	177
6	178
6	179
6	180
6	181
6	182
6	183
6	184
6	185
6	186
6	187
6	188
6	189
6	190
6	191
6	192
6	193
6	194
6	195
6	196
6	197
6	198
6	199
6	200
6	201
6	202
6	203
6	204
6	205
6	206
6	207
6	208
6	209
6	210
6	211
6	212
6	213
6	214
6	215
6	216
6	217
6	218
6	219
6	220
6	221
6	222
6	223
6	224
6	225
6	226
6	227
6	228
6	229
6	230
6	231
6	232
6	233
6	234
6	235
6	236
6	237
6	238
6	239
6	240
6	241
6	242
6	243
6	244
6	245
6	246
6	247
6	248
6	249
6	250
6	251
6	252
6	253
6	254
6	255
6	256
6	257
6	258
6	259
6	260
6	261
6	262
6	263
6	264
6	265
6	266
6	267
6	268
6	269
6	270
6	271
6	272
6	273
6	274
6	275
6	276
6	277
6	278
6	279
6	280
6	281
6	282
6	283
6	284
6	285
6	286
6	287
6	288
6	289
6	290
6	291
6	292
6	293
6	294
6	295
6	296
6	297
6	298
6	299
6	300
6	301
6	302
6	303
6	304
6	305
6	306
6	307
6	308
6	309
6	310
6	311
6	312
6	313
6	314
6	315
6	316
6	317
6	318
6	319
6	320
6	321
6	322
6	323
6	324
6	325
6	326
6	327
6	328
6	329
6	330
6	331
6	332
7	333
8	334
8	335
8	336
8	337
8	338
8	339
8	340
8	341
8	342
8	343
8	344
8	345
8	346
8	347
9	348
9	349
9	350
9	351
9	352
9	353
9	354
9	355
9	356
9	357
9	358
9	359
9	360
9	361
9	362
9	363
9	364
9	365
9	366
9	367
9	368
9	369
9	370
9	371
9	372
9	373
10	374
10	375
10	376
10	377
10	378
10	379
10	380
10	381
10	382
10	383
10	384
10	385
10	386
10	387
10	388
10	389
10	390
10	391
10	392
10	393
10	394
10	395
10	396
10	397
10	398
10	399
10	400
10	401
10	402
10	403
10	404
10	405
10	406
10	407
10	408
10	409
10	410
10	411
10	412
10	413
10	414
10	415
10	416
10	417
10	418
10	419
10	420
10	421
10	422
10	423
10	424
10	425
10	426
10	427
10	428
10	429
10	430
10	431
10	432
10	433
10	434
10	435
10	436
10	437
10	438
10	439
10	440
10	441
10	442
10	443
10	444
10	445
10	446
10	447
10	448
10	449
10	450
10	451
10	452
10	453
10	454
10	455
10	456
10	457
10	458
10	459
10	460
10	461
10	462
10	463
10	464
10	465
10	466
10	467
10	468
10	469
10	470
10	471
10	472
10	473
10	474
10	475
10	476
10	477
10	478
10	479
10	480
10	481
10	482
10	483
10	484
10	485
10	486
10	487
10	488
10	489
10	490
10	491
10	492
10	493
10	494
10	495
10	496
10	497
10	498
10	499
10	500
10	501
10	502
10	503
10	504
10	505
10	506
10	507
10	508
10	509
10	510
10	511
10	512
10	513
10	514
10	515
10	516
10	517
10	518
10	519
10	520
10	521
10	522
10	523
10	524
10	525
10	526
10	527
10	528
10	529
10	530
10	531
10	532
10	533
10	534
10	535
10	536
10	537
10	538
10	539
10	540
10	541
10	542
10	543
10	544
10	545
10	546
10	547
10	548
10	549
10	550
10	551
10	552
10	553
10	554
10	555
10	556
10	557
10	558
10	559
10	560
10	561
10	562
10	563
10	564
10	565
10	566
10	567
10	568
10	569
10	570
10	571
10	572
10	573
10	574
10	575
10	576
10	577
10	578
10	579
10	580
10	581
10	582
10	583
10	584
10	585
10	586
10	587
10	588
10	589
10	590
10	591
10	592
10	593
10	594
10	595
10	596
10	597
10	598
10	599
10	600
10	601
10	602
10	603
10	604
10	605
10	606
10	607
10	608
10	609
10	610
10	611
10	612
10	613
10	614
10	615
10	616
10	617
10	618
10	619
10	620
10	621
10	622
10	623
10	624
10	625
10	626
10	627
10	628
10	629
10	630
10	631
10	632
10	633
10	634
10	635
10	636
10	637
10	638
10	639
10	640
10	641
10	642
10	643
10	644
10	645
10	646
10	647
10	648
10	649
10	650
10	651
10	652
10	653
10	654
10	655
10	656
10	657
10	658
10	659
10	660
10	661
10	662
10	663
10	664
10	665
10	666
10	667
10	668
10	669
10	670
10	671
10	672
10	673
10	674
10	675
10	676
10	677
10	678
10	679
10	680
10	681
10	682
10	683
10	684
10	685
10	686
10	687
10	688
10	689
10	690
10	691
10	692
10	693
10	694
10	695
10	696
10	697
10	698
10	699
10	700
10	701
10	702
10	703
10	704
10	705
10	706
10	707
10	708
10	709
10	710
10	711
10	712
10	713
10	714
10	715
10	716
10	717
10	718
10	719
10	720
10	721
10	722
10	723
10	724
10	725
10	726
10	727
10	728
10	729
10	730
10	731
10	732
10	733
10	734
10	735
10	736
10	737
10	738
10	739
10	740
10	741
10	742
10	743
10	744
10	745
10	746
10	747
10	748
10	749
10	750
10	751
10	752
10	753
10	754
10	755
10	756
10	757
10	758
10	759
10	760
10	761
10	762
10	763
10	764
10	765
10	766
10	767
10	768
10	769
10	770
10	771
10	772
10	773
10	774
10	775
10	776
10	777
10	778
10	779
10	780
10	781
10	782
10	783
10	784
10	785
10	786
10	787
10	788
10	789
10	790
10	791
10	792
10	793
10	794
10	795
10	796
10	797
10	798
10	799
10	800
10	801
10	802
10	803
10	804
10	805
10	806
10	807
10	808
10	809
10	810
10	811
10	812
10	813
10	814
10	815
10	816
10	817
10	818
10	819
10	820
10	821
10	822
10	823
10	824
10	825
10	826
10	827
10	828
10	829
10	830
10	831
10	832
10	833
10	834
10	835
10	836
10	837
10	838
10	839
10	840
10	841
10	842
10	843
10	844
10	845
10	846
10	847
10	848
10	849
10	850
10	851
10	852
10	853
10	854
10	855
10	856
10	857
10	858
10	859
10	860
10	861
10	862
10	863
10	864
10	865
10	866
10	867
10	868
10	869
10	870
10	871
10	872
10	873
10	874
10	875
10	876
10	877
10	878
10	879
10	880
10	881
10	882
10	883
10	884
10	885
10	886
10	887
10	888
10	889
10	890
10	891
10	892
10	893
10	894
10	895
10	896
10	897
10	898
10	899
10	900
10	901
10	902
10	903
10	904
10	905
10	906
10	907
10	908
10	909
10	910
10	911
10	912
10	913
10	914
10	915
10	916
10	917
10	918
10	919
10	920
10	921
10	922
10	923
10	924
10	925
10	926
10	927
10	928
10	929
10	930
10	931
10	932
10	933
10	934
10	935
10	936
10	937
10	938
10	939
10	940
10	941
10	942
10	943
10	944
10	945
10	946
10	947
10	948
10	949
10	950
10	951
10	952
10	953
10	954
10	955
10	956
10	957
10	958
10	959
10	960
10	961
10	962
10	963
10	964
10	965
10	966
10	967
10	968
10	969
10	970
10	971
10	972
10	973
10	974
10	975
10	976
10	977
10	978
10	979
10	980
10	981
10	982
10	983
10	984
10	985
10	986
10	987
10	988
10	989
10	990
10	991
10	992
10	993
10	994
10	995
10	996
10	997
10	998
10	999
10	1000
10	1001
10	1002
10	1003
10	1004
10	1005
10	1006
10	1007
10	1008
10	1009
10	1010
10	1011
10	1012
10	1013
10	1014
10	1015
10	1016
10	1017
10	1018
10	1019
10	1020
10	1021
10	1022
10	1023
10	1024
10	1025
10	1026
10	1027
10	1028
10	1029
10	1030
10	1031
10	1032
10	1033
10	1034
10	1035
10	1036
10	1037
10	1038
10	1039
10	1040
10	1041
10	1042
10	1043
10	1044
10	1045
10	1046
10	1047
10	1048
10	1049
10	1050
10	1051
10	1052
10	1053
10	1054
10	1055
10	1056
10	1057
10	1058
10	1059
10	1060
10	1061
10	1062
10	1063
10	1064
10	1065
10	1066
10	1067
10	1068
10	1069
10	1070
10	1071
10	1072
12	1073
12	1074
12	1075
12	1076
12	1077
12	1078
12	1079
12	1080
12	1081
12	1082
12	1083
12	1084
12	1085
12	1086
12	1087
12	1088
12	1089
12	1090
12	1091
12	1092
12	1093
12	1094
12	1095
12	1096
12	1097
12	1098
12	1099
12	1100
12	1101
12	1102
12	1103
12	1104
12	1105
12	1106
12	1107
12	1108
12	1109
12	1110
12	1111
12	1112
12	1113
12	1114
12	1115
12	1116
12	1117
12	1118
12	1119
12	1120
12	1121
12	1122
12	1123
12	1124
12	1125
12	1126
12	1127
12	1128
12	1129
12	1130
12	1131
12	1132
12	1133
12	1134
12	1135
12	1136
12	1137
12	1138
12	1139
12	1140
12	1141
12	1142
12	1143
12	1144
12	1145
12	1146
12	1147
12	1148
12	1149
12	1150
12	1151
12	1152
12	1153
12	1154
12	1155
12	1156
12	1157
12	1158
12	1159
12	1160
12	1161
12	1162
12	1163
12	1164
12	1165
12	1166
12	1167
12	1168
12	1169
12	1170
12	1171
12	1172
12	1173
12	1174
12	1175
12	1176
12	1177
12	1178
12	1179
12	1180
12	1181
12	1182
12	1183
12	1184
12	1185
12	1186
12	1187
12	1188
12	1189
12	1190
12	1191
12	1192
12	1193
12	1194
12	1195
12	1196
12	1197
12	1198
12	1199
12	1200
12	1201
12	1202
12	1203
12	1204
12	1205
12	1206
12	1207
12	1208
12	1209
12	1210
12	1211
12	1212
12	1213
12	1214
12	1215
12	1216
12	1217
12	1218
12	1219
12	1220
12	1221
12	1222
12	1223
12	1224
12	1225
12	1226
12	1227
12	1228
12	1229
12	1230
12	1231
12	1232
12	1233
12	1234
12	1235
12	1236
12	1237
12	1238
12	1239
12	1240
12	1241
12	1242
12	1243
12	1244
12	1245
12	1246
12	1247
12	1248
12	1249
12	1250
12	1251
12	1252
12	1253
12	1254
12	1255
12	1256
12	1257
12	1258
12	1259
12	1260
12	1261
12	1262
12	1263
12	1264
12	1265
12	1266
12	1267
12	1268
12	1269
12	1270
12	1271
12	1272
12	1273
12	1274
12	1275
12	1276
12	1277
12	1278
12	1279
12	1280
12	1281
12	1282
12	1283
12	1284
12	1285
12	1286
12	1287
12	1288
12	1289
12	1290
12	1291
12	1292
12	1293
12	1294
12	1295
12	1296
12	1297
12	1298
12	1299
12	1300
12	1301
12	1302
12	1303
12	1304
12	1305
12	1306
12	1307
12	1308
12	1309
12	1310
12	1311
12	1312
12	1313
12	1314
12	1315
12	1316
12	1317
12	1318
12	1319
12	1320
12	1321
12	1322
12	1323
12	1324
12	1325
12	1326
12	1327
12	1328
12	1329
12	1330
12	1331
12	1332
12	1333
12	1334
12	1335
12	1336
12	1337
12	1338
12	1339
12	1340
12	1341
12	1342
12	1343
12	1344
12	1345
12	1346
12	1347
12	1348
12	1349
12	1350
12	1351
12	1352
12	1353
12	1354
12	1355
12	1356
12	1357
12	1358
12	1359
12	1360
12	1361
12	1362
12	1363
12	1364
12	1365
12	1366
12	1367
12	1368
12	1369
12	1370
12	1371
12	1372
12	1373
12	1374
12	1375
12	1376
12	1377
12	1378
12	1379
12	1380
12	1381
12	1382
12	1383
12	1384
12	1385
12	1386
12	1387
12	1388
12	1389
12	1390
12	1391
12	1392
12	1393
12	1394
12	1395
12	1396
12	1397
12	1398
12	1399
12	1400
12	1401
12	1402
12	1403
12	1404
12	1405
12	1406
12	1407
12	1408
12	1409
12	1410
12	1411
12	1412
12	1413
12	1414
12	1415
12	1416
12	1417
12	1418
12	1419
12	1420
12	1421
12	1422
12	1423
12	1424
12	1425
12	1426
12	1427
12	1428
12	1429
12	1430
12	1431
12	1432
12	1433
12	1434
12	1435
12	1436
12	1437
12	1438
12	1439
12	1440
12	1441
12	1442
12	1443
12	1444
12	1445
12	1446
12	1447
12	1448
12	1449
12	1450
12	1451
12	1452
12	1453
12	1454
12	1455
12	1456
12	1457
12	1458
12	1459
12	1460
12	1461
12	1462
12	1463
12	1464
12	1465
12	1466
12	1467
12	1468
12	1469
12	1470
12	1471
12	1472
12	1473
12	1474
12	1475
12	1476
12	1477
12	1478
12	1479
12	1480
12	1481
12	1482
12	1483
12	1484
12	1485
12	1486
12	1487
12	1488
12	1489
12	1490
12	1491
12	1492
12	1493
12	1494
12	1495
12	1496
12	1497
12	1498
12	1499
12	1500
12	1501
12	1502
12	1503
12	1504
12	1505
12	1506
12	1507
12	1508
12	1509
12	1510
12	1511
12	1512
12	1513
12	1514
12	1515
12	1516
12	1517
12	1518
12	1519
12	1520
12	1521
12	1522
12	1523
12	1524
12	1525
12	1526
12	1527
12	1528
12	1529
12	1530
12	1531
12	1532
12	1533
12	1534
12	1535
12	1536
12	1537
12	1538
12	1539
12	1540
12	1541
12	1542
12	1543
12	1544
12	1545
12	1546
12	1547
12	1548
12	1549
12	1550
12	1551
12	1552
12	1553
12	1554
12	1555
12	1556
12	1557
12	1558
12	1559
12	1560
12	1561
12	1562
12	1563
12	1564
12	1565
12	1566
12	1567
12	1568
12	1569
12	1570
12	1571
12	1572
12	1573
12	1574
12	1575
12	1576
12	1577
12	1578
12	1579
12	1580
12	1581
12	1582
12	1583
12	1584
12	1585
12	1586
12	1587
12	1588
12	1589
12	1590
12	1591
12	1592
12	1593
12	1594
12	1595
12	1596
12	1597
12	1598
12	1599
12	1600
12	1601
12	1602
12	1603
12	1604
12	1605
12	1606
12	1607
12	1608
12	1609
12	1610
12	1611
12	1612
12	1613
12	1614
12	1615
12	1616
12	1617
12	1618
12	1619
12	1620
12	1621
12	1622
12	1623
12	1624
12	1625
12	1626
12	1627
12	1628
12	1629
12	1630
12	1631
12	1632
12	1633
12	1634
12	1635
12	1636
12	1637
12	1638
12	1639
12	1640
12	1641
12	1642
12	1643
12	1644
12	1645
12	1646
12	1647
12	1648
12	1649
12	1650
12	1651
12	1652
12	1653
12	1654
12	1655
12	1656
12	1657
12	1658
12	1659
12	1660
12	1661
12	1662
12	1663
12	1664
12	1665
12	1666
12	1667
12	1668
12	1669
12	1670
12	1671
12	1672
12	1673
12	1674
12	1675
12	1676
12	1677
12	1678
12	1679
12	1680
12	1681
12	1682
12	1683
12	1684
12	1685
12	1686
12	1687
12	1688
12	1689
12	1690
12	1691
12	1692
12	1693
12	1694
12	1695
12	1696
12	1697
12	1698
12	1699
12	1700
12	1701
12	1702
12	1703
12	1704
12	1705
12	1706
12	1707
12	1708
12	1709
12	1710
12	1711
12	1712
12	1713
12	1714
12	1715
12	1716
12	1717
12	1718
12	1719
12	1720
12	1721
12	1722
12	1723
12	1724
12	1725
12	1726
12	1727
12	1728
12	1729
12	1730
12	1731
12	1732
12	1733
12	1734
12	1735
12	1736
12	1737
12	1738
12	1739
12	1740
12	1741
12	1742
12	1743
12	1744
12	1745
12	1746
12	1747
12	1748
12	1749
12	1750
12	1751
12	1752
12	1753
12	1754
12	1755
12	1756
12	1757
12	1758
12	1759
12	1760
12	1761
12	1762
12	1763
12	1764
12	1765
12	1766
12	1767
12	1768
12	1769
12	1770
12	1771
12	1772
12	1773
12	1774
12	1775
12	1776
12	1777
12	1778
12	1779
12	1780
12	1781
12	1782
12	1783
12	1784
12	1785
12	1786
12	1787
12	1788
12	1789
12	1790
12	1791
12	1792
12	1793
12	1794
12	1795
12	1796
12	1797
12	1798
12	1799
12	1800
12	1801
12	1802
12	1803
12	1804
12	1805
12	1806
12	1807
12	1808
12	1809
12	1810
12	1811
12	1812
12	1813
12	1814
12	1815
12	1816
12	1817
12	1818
12	1819
12	1820
12	1821
12	1822
12	1823
12	1824
12	1825
12	1826
12	1827
12	1828
12	1829
12	1830
12	1831
12	1832
12	1833
12	1834
12	1835
12	1836
12	1837
12	1838
12	1839
12	1840
12	1841
12	1842
12	1843
12	1844
12	1845
12	1846
12	1847
12	1848
12	1849
12	1850
12	1851
12	1852
12	1853
12	1854
12	1855
12	1856
12	1857
12	1858
12	1859
12	1860
12	1861
12	1862
12	1863
12	1864
12	1865
12	1866
12	1867
12	1868
12	1869
12	1870
12	1871
12	1872
12	1873
12	1874
12	1875
12	1876
12	1877
12	1878
12	1879
12	1880
12	1881
12	1882
12	1883
12	1884
12	1885
12	1886
12	1887
12	1888
12	1889
12	1890
12	1891
12	1892
12	1893
12	1894
12	1895
12	1896
12	1897
12	1898
12	1899
12	1900
12	1901
12	1902
12	1903
12	1904
12	1905
12	1906
12	1907
12	1908
12	1909
12	1910
12	1911
12	1912
12	1913
12	1914
12	1915
12	1916
12	1917
12	1918
12	1919
12	1920
12	1921
12	1922
12	1923
12	1924
12	1925
12	1926
12	1927
12	1928
12	1929
12	1930
12	1931
12	1932
12	1933
12	1934
12	1935
12	1936
12	1937
12	1938
12	1939
12	1940
12	1941
12	1942
12	1943
12	1944
12	1945
12	1946
12	1947
12	1948
12	1949
12	1950
12	1951
12	1952
12	1953
12	1954
12	1955
12	1956
12	1957
12	1958
12	1959
12	1960
12	1961
12	1962
12	1963
12	1964
12	1965
12	1966
12	1967
12	1968
12	1969
12	1970
12	1971
12	1972
12	1973
12	1974
12	1975
12	1976
12	1977
12	1978
12	1979
12	1980
12	1981
12	1982
12	1983
12	1984
12	1985
12	1986
12	1987
12	1988
12	1989
12	1990
12	1991
12	1992
12	1993
12	1994
12	1995
12	1996
12	1997
12	1998
12	1999
12	2000
12	2001
12	2002
12	2003
12	2004
12	2005
12	2006
12	2007
12	2008
12	2009
12	2010
12	2011
12	2012
12	2013
12	2014
12	2015
12	2016
12	2017
12	2018
12	2019
12	2020
12	2021
12	2022
12	2023
12	2024
12	2025
12	2026
12	2027
12	2028
12	2029
12	2030
12	2031
12	2032
12	2033
12	2034
12	2035
12	2036
12	2037
12	2038
12	2039
12	2040
12	2041
12	2042
12	2043
12	2044
12	2045
12	2046
12	2047
12	2048
12	2049
12	2050
12	2051
12	2052
12	2053
12	2054
12	2055
12	2056
12	2057
12	2058
12	2059
12	2060
12	2061
12	2062
12	2063
12	2064
12	2065
12	2066
12	2067
12	2068
12	2069
12	2070
12	2071
12	2072
12	2073
12	2074
12	2075
12	2076
12	2077
12	2078
12	2079
12	2080
12	2081
12	2082
12	2083
12	2084
12	2085
12	2086
12	2087
12	2088
12	2089
12	2090
12	2091
12	2092
12	2093
12	2094
12	2095
12	2096
12	2097
12	2098
12	2099
12	2100
12	2101
12	2102
12	2103
12	2104
12	2105
12	2106
12	2107
12	2108
12	2109
12	2110
12	2111
12	2112
12	2113
12	2114
12	2115
12	2116
12	2117
12	2118
12	2119
12	2120
12	2121
12	2122
12	2123
12	2124
12	2125
12	2126
12	2127
12	2128
12	2129
12	2130
12	2131
12	2132
12	2133
12	2134
12	2135
12	2136
12	2137
12	2138
12	2139
12	2140
12	2141
12	2142
12	2143
12	2144
12	2145
12	2146
12	2147
12	2148
12	2149
12	2150
12	2151
12	2152
12	2153
12	2154
12	2155
12	2156
12	2157
12	2158
12	2159
12	2160
12	2161
12	2162
12	2163
12	2164
12	2165
12	2166
12	2167
12	2168
12	2169
12	2170
12	2171
12	2172
12	2173
12	2174
12	2175
12	2176
12	2177
12	2178
12	2179
12	2180
12	2181
12	2182
12	2183
12	2184
12	2185
12	2186
12	2187
12	2188
12	2189
12	2190
12	2191
12	2192
12	2193
12	2194
12	2195
12	2196
12	2197
12	2198
12	2199
12	2200
12	2201
12	2202
12	2203
12	2204
12	2205
12	2206
12	2207
12	2208
12	2209
12	2210
12	2211
12	2212
12	2213
12	2214
12	2215
12	2216
12	2217
12	2218
12	2219
12	2220
12	2221
12	2222
12	2223
12	2224
12	2225
12	2226
12	2227
12	2228
12	2229
12	2230
12	2231
12	2232
12	2233
12	2234
12	2235
12	2236
12	2237
12	2238
12	2239
12	2240
12	2241
12	2242
12	2243
12	2244
12	2245
12	2246
12	2247
12	2248
12	2249
12	2250
12	2251
12	2252
12	2253
12	2254
12	2255
12	2256
12	2257
12	2258
12	2259
12	2260
12	2261
12	2262
12	2263
12	2264
12	2265
12	2266
12	2267
12	2268
12	2269
12	2270
12	2271
12	2272
12	2273
12	2274
12	2275
12	2276
12	2277
13	2278
13	2279
13	2280
13	2281
13	2282
13	2283
13	2284
13	2285
13	2286
13	2287
13	2288
13	2289
13	2290
13	2291
13	2292
13	2293
13	2294
13	2295
13	2296
13	2297
13	2298
13	2299
13	2300
13	2301
13	2302
13	2303
13	2304
13	2305
13	2306
13	2307
13	2308
13	2309
13	2310
13	2311
13	2312
13	2313
13	2314
13	2315
13	2316
13	2317
13	2318
13	2319
13	2320
13	2321
13	2322
13	2323
13	2324
13	2325
13	2326
13	2327
13	2328
13	2329
13	2330
13	2331
13	2332
13	2333
13	2334
13	2335
13	2336
13	2337
13	2338
13	2339
13	2340
13	2341
13	2342
13	2343
13	2344
13	2345
13	2346
13	2347
13	2348
13	2349
13	2350
13	2351
13	2352
13	2353
13	2354
13	2355
13	2356
13	2357
13	2358
13	2359
13	2360
13	2361
13	2362
13	2363
13	2364
13	2365
13	2366
13	2367
13	2368
13	2369
13	2370
13	2371
13	2372
13	2373
13	2374
13	2375
13	2376
13	2377
13	2378
13	2379
13	2380
13	2381
13	2382
13	2383
13	2384
13	2385
13	2386
13	2387
13	2388
13	2389
13	2390
13	2391
13	2392
13	2393
13	2394
13	2395
13	2396
13	2397
13	2398
13	2399
13	2400
13	2401
13	2402
13	2403
13	2404
13	2405
13	2406
13	2407
13	2408
13	2409
13	2410
13	2411
13	2412
13	2413
13	2414
13	2415
13	2416
13	2417
13	2418
13	2419
13	2420
13	2421
13	2422
13	2423
13	2424
13	2425
13	2426
13	2427
13	2428
13	2429
13	2430
13	2431
13	2432
13	2433
13	2434
13	2435
13	2436
13	2437
13	2438
13	2439
13	2440
13	2441
13	2442
13	2443
13	2444
13	2445
13	2446
13	2447
13	2448
13	2449
13	2450
13	2451
13	2452
13	2453
13	2454
13	2455
13	2456
13	2457
13	2458
13	2459
13	2460
13	2461
13	2462
13	2463
13	2464
13	2465
13	2466
13	2467
13	2468
13	2469
13	2470
13	2471
13	2472
13	2473
13	2474
13	2475
13	2476
13	2477
13	2478
13	2479
13	2480
13	2481
13	2482
13	2483
13	2484
13	2485
13	2486
13	2487
13	2488
13	2489
13	2490
13	2491
13	2492
13	2493
13	2494
13	2495
13	2496
13	2497
13	2498
13	2499
13	2500
13	2501
13	2502
13	2503
13	2504
13	2505
13	2506
13	2507
13	2508
13	2509
13	2510
13	2511
13	2512
13	2513
13	2514
13	2515
13	2516
13	2517
13	2518
13	2519
13	2520
13	2521
13	2522
13	2523
13	2524
13	2525
13	2526
13	2527
13	2528
13	2529
13	2530
13	2531
13	2532
13	2533
13	2534
13	2535
13	2536
13	2537
13	2538
13	2539
13	2540
13	2541
13	2542
13	2543
13	2544
13	2545
13	2546
13	2547
13	2548
13	2549
13	2550
13	2551
13	2552
13	2553
13	2554
13	2555
13	2556
13	2557
13	2558
13	2559
13	2560
13	2561
13	2562
13	2563
13	2564
13	2565
13	2566
13	2567
13	2568
13	2569
13	2570
13	2571
13	2572
13	2573
13	2574
13	2575
13	2576
13	2577
13	2578
13	2579
13	2580
13	2581
13	2582
13	2583
13	2584
13	2585
13	2586
13	2587
13	2588
13	2589
13	2590
13	2591
13	2592
13	2593
13	2594
13	2595
13	2596
13	2597
13	2598
13	2599
13	2600
13	2601
13	2602
13	2603
13	2604
13	2605
13	2606
13	2607
13	2608
13	2609
13	2610
13	2611
13	2612
13	2613
13	2614
13	2615
13	2616
13	2617
13	2618
13	2619
13	2620
13	2621
13	2622
13	2623
13	2624
13	2625
13	2626
13	2627
13	2628
13	2629
13	2630
13	2631
13	2632
13	2633
13	2634
13	2635
13	2636
13	2637
13	2638
13	2639
13	2640
13	2641
13	2642
13	2643
13	2644
13	2645
13	2646
13	2647
13	2648
13	2649
13	2650
13	2651
13	2652
13	2653
13	2654
13	2655
13	2656
13	2657
13	2658
13	2659
13	2660
13	2661
13	2662
13	2663
13	2664
13	2665
13	2666
13	2667
13	2668
13	2669
13	2670
13	2671
13	2672
13	2673
13	2674
13	2675
13	2676
13	2677
13	2678
13	2679
13	2680
13	2681
13	2682
13	2683
13	2684
13	2685
13	2686
13	2687
13	2688
13	2689
13	2690
13	2691
13	2692
13	2693
13	2694
13	2695
13	2696
13	2697
13	2698
13	2699
13	2700
13	2701
13	2702
13	2703
13	2704
13	2705
13	2706
13	2707
13	2708
13	2709
13	2710
13	2711
13	2712
13	2713
13	2714
13	2715
13	2716
13	2717
13	2718
13	2719
13	2720
13	2721
13	2722
13	2723
13	2724
13	2725
13	2726
13	2727
13	2728
13	2729
13	2730
13	2731
13	2732
13	2733
13	2734
13	2735
13	2736
13	2737
13	2738
13	2739
13	2740
13	2741
13	2742
13	2743
13	2744
13	2745
13	2746
13	2747
13	2748
13	2749
13	2750
13	2751
13	2752
13	2753
13	2754
13	2755
13	2756
13	2757
13	2758
13	2759
13	2760
13	2761
13	2762
13	2763
13	2764
13	2765
13	2766
13	2767
13	2768
13	2769
13	2770
13	2771
13	2772
13	2773
13	2774
13	2775
13	2776
13	2777
13	2778
13	2779
13	2780
13	2781
13	2782
13	2783
13	2784
13	2785
13	2786
13	2787
13	2788
13	2789
13	2790
13	2791
13	2792
13	2793
13	2794
13	2795
13	2796
13	2797
13	2798
13	2799
13	2800
13	2801
13	2802
13	2803
13	2804
13	2805
13	2806
13	2807
13	2808
13	2809
13	2810
13	2811
13	2812
13	2813
13	2814
13	2815
13	2816
13	2817
13	2818
13	2819
13	2820
13	2821
13	2822
13	2823
13	2824
13	2825
13	2826
13	2827
13	2828
13	2829
13	2830
13	2831
13	2832
13	2833
13	2834
13	2835
13	2836
13	2837
13	2838
13	2839
13	2840
13	2841
13	2842
13	2843
13	2844
13	2845
13	2846
13	2847
13	2848
13	2849
13	2850
13	2851
13	2852
13	2853
13	2854
13	2855
13	2856
13	2857
13	2858
13	2859
13	2860
13	2861
13	2862
13	2863
13	2864
13	2865
13	2866
13	2867
13	2868
13	2869
13	2870
13	2871
13	2872
13	2873
13	2874
13	2875
13	2876
13	2877
13	2878
13	2879
13	2880
13	2881
13	2882
13	2883
13	2884
13	2885
13	2886
13	2887
13	2888
13	2889
13	2890
13	2891
13	2892
13	2893
13	2894
13	2895
13	2896
13	2897
13	2898
13	2899
13	2900
13	2901
13	2902
13	2903
13	2904
13	2905
13	2906
13	2907
13	2908
13	2909
13	2910
13	2911
13	2912
13	2913
13	2914
13	2915
13	2916
13	2917
13	2918
13	2919
13	2920
13	2921
13	2922
13	2923
13	2924
13	2925
13	2926
13	2927
13	2928
13	2929
13	2930
13	2931
13	2932
13	2933
13	2934
13	2935
13	2936
13	2937
13	2938
13	2939
13	2940
13	2941
13	2942
13	2943
13	2944
13	2945
13	2946
13	2947
13	2948
13	2949
13	2950
13	2951
13	2952
13	2953
13	2954
13	2955
13	2956
13	2957
13	2958
13	2959
13	2960
13	2961
13	2962
13	2963
13	2964
13	2965
13	2966
13	2967
13	2968
13	2969
13	2970
13	2971
13	2972
13	2973
13	2974
13	2975
13	2976
13	2977
13	2978
13	2979
13	2980
13	2981
13	2982
13	2983
13	2984
13	2985
13	2986
13	2987
13	2988
13	2989
13	2990
13	2991
13	2992
13	2993
13	2994
13	2995
13	2996
13	2997
13	2998
13	2999
13	3000
13	3001
13	3002
13	3003
13	3004
13	3005
13	3006
13	3007
13	3008
13	3009
13	3010
13	3011
13	3012
13	3013
13	3014
13	3015
13	3016
13	3017
13	3018
13	3019
13	3020
13	3021
13	3022
13	3023
13	3024
13	3025
13	3026
13	3027
13	3028
13	3029
13	3030
13	3031
13	3032
13	3033
13	3034
13	3035
13	3036
13	3037
13	3038
13	3039
13	3040
13	3041
13	3042
13	3043
13	3044
13	3045
13	3046
13	3047
13	3048
13	3049
13	3050
13	3051
13	3052
13	3053
13	3054
13	3055
13	3056
13	3057
13	3058
13	3059
13	3060
13	3061
13	3062
13	3063
13	3064
13	3065
13	3066
13	3067
13	3068
13	3069
13	3070
13	3071
13	3072
13	3073
13	3074
13	3075
13	3076
13	3077
13	3078
13	3079
13	3080
13	3081
13	3082
13	3083
13	3084
13	3085
13	3086
13	3087
13	3088
13	3089
13	3090
13	3091
13	3092
13	3093
13	3094
13	3095
13	3096
13	3097
13	3098
13	3099
13	3100
13	3101
13	3102
13	3103
13	3104
13	3105
13	3106
13	3107
13	3108
13	3109
13	3110
13	3111
13	3112
13	3113
13	3114
13	3115
13	3116
13	3117
13	3118
13	3119
13	3120
13	3121
13	3122
13	3123
13	3124
13	3125
13	3126
13	3127
13	3128
13	3129
13	3130
13	3131
13	3132
13	3133
13	3134
13	3135
13	3136
13	3137
13	3138
13	3139
13	3140
13	3141
13	3142
13	3143
13	3144
13	3145
13	3146
13	3147
13	3148
13	3149
13	3150
13	3151
13	3152
13	3153
13	3154
13	3155
13	3156
13	3157
13	3158
13	3159
13	3160
13	3161
13	3162
13	3163
13	3164
13	3165
13	3166
13	3167
13	3168
13	3169
13	3170
13	3171
13	3172
13	3173
13	3174
13	3175
13	3176
13	3177
13	3178
13	3179
13	3180
13	3181
13	3182
13	3183
13	3184
13	3185
13	3186
13	3187
13	3188
13	3189
13	3190
13	3191
13	3192
13	3193
13	3194
13	3195
13	3196
13	3197
13	3198
13	3199
13	3200
13	3201
13	3202
13	3203
13	3204
13	3205
13	3206
13	3207
13	3208
13	3209
13	3210
13	3211
13	3212
13	3213
13	3214
13	3215
13	3216
13	3217
13	3218
13	3219
13	3220
13	3221
13	3222
13	3223
13	3224
13	3225
13	3226
13	3227
13	3228
13	3229
13	3230
13	3231
13	3232
13	3233
13	3234
13	3235
13	3236
13	3237
13	3238
13	3239
13	3240
13	3241
13	3242
13	3243
13	3244
13	3245
13	3246
13	3247
13	3248
13	3249
13	3250
13	3251
13	3252
13	3253
13	3254
13	3255
13	3256
13	3257
13	3258
13	3259
13	3260
13	3261
13	3262
13	3263
13	3264
13	3265
13	3266
13	3267
13	3268
13	3269
13	3270
13	3271
13	3272
13	3273
13	3274
13	3275
13	3276
13	3277
13	3278
13	3279
13	3280
13	3281
13	3282
13	3283
13	3284
13	3285
13	3286
13	3287
13	3288
13	3289
13	3290
13	3291
13	3292
13	3293
13	3294
13	3295
13	3296
13	3297
13	3298
13	3299
13	3300
13	3301
13	3302
13	3303
13	3304
13	3305
13	3306
13	3307
13	3308
13	3309
13	3310
13	3311
13	3312
13	3313
13	3314
13	3315
13	3316
13	3317
13	3318
13	3319
13	3320
13	3321
13	3322
13	3323
13	3324
13	3325
13	3326
13	3327
13	3328
13	3329
13	3330
13	3331
13	3332
13	3333
13	3334
13	3335
13	3336
13	3337
13	3338
13	3339
13	3340
13	3341
13	3342
13	3343
13	3344
13	3345
13	3346
13	3347
13	3348
13	3349
13	3350
13	3351
13	3352
13	3353
13	3354
13	3355
13	3356
13	3357
13	3358
13	3359
13	3360
13	3361
13	3362
13	3363
13	3364
13	3365
13	3366
13	3367
13	3368
13	3369
13	3370
13	3371
13	3372
13	3373
13	3374
13	3375
13	3376
13	3377
13	3378
13	3379
13	3380
13	3381
13	3382
13	3383
13	3384
13	3385
13	3386
13	3387
13	3388
13	3389
13	3390
13	3391
13	3392
13	3393
13	3394
13	3395
13	3396
13	3397
13	3398
13	3399
13	3400
13	3401
13	3402
13	3403
13	3404
13	3405
13	3406
13	3407
13	3408
13	3409
13	3410
13	3411
13	3412
13	3413
13	3414
13	3415
13	3416
13	3417
13	3418
13	3419
13	3420
13	3421
13	3422
13	3423
13	3424
13	3425
13	3426
13	3427
13	3428
13	3429
13	3430
13	3431
13	3432
13	3433
13	3434
13	3435
13	3436
13	3437
13	3438
13	3439
13	3440
13	3441
13	3442
13	3443
13	3444
13	3445
13	3446
13	3447
13	3448
13	3449
13	3450
13	3451
13	3452
13	3453
13	3454
13	3455
13	3456
13	3457
13	3458
13	3459
13	3460
13	3461
13	3462
13	3463
13	3464
13	3465
13	3466
13	3467
13	3468
13	3469
13	3470
13	3471
13	3472
13	3473
13	3474
13	3475
13	3476
13	3477
13	3478
13	3479
13	3480
13	3481
13	3482
13	3483
13	3484
13	3485
13	3486
13	3487
13	3488
13	3489
13	3490
13	3491
13	3492
13	3493
13	3494
13	3495
13	3496
13	3497
13	3498
13	3499
13	3500
13	3501
13	3502
13	3503
13	3504
13	3505
13	3506
13	3507
13	3508
13	3509
13	3510
13	3511
13	3512
13	3513
13	3514
13	3515
13	3516
13	3517
13	3518
13	3519
13	3520
13	3521
13	3522
13	3523
13	3524
13	3525
13	3526
13	3527
13	3528
13	3529
13	3530
13	3531
13	3532
13	3533
13	3534
13	3535
13	3536
13	3537
13	3538
13	3539
13	3540
13	3541
13	3542
13	3543
13	3544
13	3545
13	3546
13	3547
13	3548
13	3549
13	3550
13	3551
13	3552
13	3553
13	3554
13	3555
13	3556
13	3557
13	3558
13	3559
13	3560
13	3561
13	3562
13	3563
13	3564
13	3565
13	3566
13	3567
13	3568
13	3569
13	3570
13	3571
13	3572
13	3573
13	3574
13	3575
13	3576
13	3577
13	3578
13	3579
13	3580
13	3581
13	3582
13	3583
13	3584
13	3585
13	3586
13	3587
13	3588
13	3589
13	3590
13	3591
13	3592
13	3593
13	3594
13	3595
13	3596
13	3597
13	3598
13	3599
13	3600
13	3601
13	3602
13	3603
13	3604
13	3605
13	3606
13	3607
13	3608
13	3609
13	3610
13	3611
13	3612
13	3613
13	3614
13	3615
13	3616
13	3617
13	3618
13	3619
13	3620
13	3621
13	3622
13	3623
13	3624
13	3625
13	3626
13	3627
13	3628
13	3629
13	3630
13	3631
13	3632
13	3633
13	3634
13	3635
13	3636
13	3637
13	3638
13	3639
13	3640
13	3641
13	3642
13	3643
13	3644
13	3645
13	3646
13	3647
13	3648
13	3649
13	3650
13	3651
13	3652
13	3653
13	3654
13	3655
13	3656
13	3657
13	3658
13	3659
13	3660
13	3661
13	3662
13	3663
13	3664
13	3665
13	3666
13	3667
13	3668
13	3669
13	3670
13	3671
13	3672
13	3673
13	3674
13	3675
13	3676
13	3677
13	3678
13	3679
13	3680
13	3681
13	3682
13	3683
13	3684
13	3685
13	3686
13	3687
13	3688
13	3689
13	3690
13	3691
13	3692
13	3693
13	3694
13	3695
13	3696
13	3697
13	3698
13	3699
13	3700
13	3701
13	3702
13	3703
13	3704
13	3705
13	3706
13	3707
13	3708
13	3709
13	3710
13	3711
13	3712
13	3713
13	3714
13	3715
13	3716
13	3717
13	3718
13	3719
13	3720
13	3721
13	3722
13	3723
13	3724
13	3725
13	3726
13	3727
13	3728
13	3729
13	3730
13	3731
13	3732
13	3733
13	3734
13	3735
13	3736
13	3737
13	3738
13	3739
13	3740
13	3741
13	3742
13	3743
13	3744
13	3745
13	3746
13	3747
13	3748
13	3749
13	3750
13	3751
13	3752
13	3753
13	3754
13	3755
13	3756
13	3757
13	3758
13	3759
13	3760
13	3761
13	3762
13	3763
13	3764
13	3765
13	3766
13	3767
13	3768
13	3769
13	3770
13	3771
13	3772
13	3773
13	3774
13	3775
13	3776
13	3777
13	3778
13	3779
13	3780
13	3781
13	3782
13	3783
13	3784
13	3785
13	3786
13	3787
13	3788
13	3789
13	3790
13	3791
13	3792
13	3793
13	3794
13	3795
13	3796
13	3797
13	3798
13	3799
13	3800
13	3801
13	3802
13	3803
13	3804
13	3805
13	3806
13	3807
13	3808
13	3809
13	3810
13	3811
13	3812
13	3813
13	3814
13	3815
13	3816
13	3817
13	3818
13	3819
13	3820
13	3821
13	3822
13	3823
13	3824
13	3825
13	3826
13	3827
13	3828
13	3829
13	3830
13	3831
13	3832
13	3833
13	3834
13	3835
13	3836
13	3837
13	3838
13	3839
13	3840
13	3841
13	3842
13	3843
13	3844
13	3845
13	3846
13	3847
13	3848
13	3849
13	3850
13	3851
13	3852
13	3853
13	3854
13	3855
13	3856
13	3857
13	3858
13	3859
13	3860
13	3861
13	3862
13	3863
13	3864
13	3865
13	3866
13	3867
13	3868
13	3869
13	3870
13	3871
13	3872
13	3873
13	3874
13	3875
13	3876
13	3877
13	3878
13	3879
13	3880
13	3881
13	3882
13	3883
13	3884
13	3885
13	3886
13	3887
13	3888
13	3889
13	3890
13	3891
13	3892
13	3893
13	3894
13	3895
13	3896
13	3897
13	3898
13	3899
13	3900
13	3901
13	3902
13	3903
13	3904
13	3905
13	3906
13	3907
13	3908
13	3909
13	3910
13	3911
13	3912
13	3913
13	3914
13	3915
13	3916
13	3917
13	3918
13	3919
13	3920
13	3921
13	3922
13	3923
13	3924
13	3925
13	3926
13	3927
13	3928
13	3929
13	3930
13	3931
13	3932
13	3933
13	3934
13	3935
13	3936
13	3937
13	3938
13	3939
13	3940
13	3941
13	3942
13	3943
13	3944
13	3945
13	3946
13	3947
13	3948
13	3949
13	3950
13	3951
13	3952
13	3953
13	3954
13	3955
13	3956
13	3957
13	3958
13	3959
13	3960
13	3961
13	3962
13	3963
13	3964
13	3965
13	3966
13	3967
13	3968
13	3969
13	3970
13	3971
13	3972
13	3973
13	3974
13	3975
13	3976
13	3977
13	3978
13	3979
13	3980
13	3981
13	3982
13	3983
13	3984
13	3985
13	3986
13	3987
13	3988
13	3989
13	3990
13	3991
13	3992
13	3993
13	3994
13	3995
13	3996
13	3997
13	3998
13	3999
13	4000
13	4001
13	4002
13	4003
13	4004
13	4005
13	4006
13	4007
13	4008
13	4009
13	4010
13	4011
13	4012
13	4013
13	4014
13	4015
13	4016
13	4017
13	4018
13	4019
13	4020
13	4021
13	4022
13	4023
13	4024
13	4025
13	4026
13	4027
13	4028
13	4029
13	4030
13	4031
13	4032
13	4033
13	4034
13	4035
13	4036
13	4037
13	4038
13	4039
13	4040
13	4041
13	4042
13	4043
13	4044
13	4045
13	4046
13	4047
13	4048
13	4049
13	4050
13	4051
13	4052
13	4053
13	4054
13	4055
13	4056
13	4057
13	4058
13	4059
13	4060
13	4061
13	4062
13	4063
13	4064
13	4065
13	4066
13	4067
13	4068
13	4069
13	4070
13	4071
13	4072
13	4073
13	4074
13	4075
13	4076
13	4077
13	4078
13	4079
13	4080
13	4081
13	4082
13	4083
13	4084
13	4085
13	4086
13	4087
13	4088
13	4089
13	4090
13	4091
13	4092
13	4093
13	4094
13	4095
13	4096
13	4097
13	4098
13	4099
13	4100
13	4101
13	4102
13	4103
13	4104
13	4105
13	4106
13	4107
13	4108
13	4109
13	4110
13	4111
13	4112
13	4113
13	4114
13	4115
13	4116
13	4117
13	4118
13	4119
13	4120
13	4121
13	4122
13	4123
13	4124
13	4125
13	4126
13	4127
13	4128
13	4129
13	4130
13	4131
13	4132
13	4133
13	4134
13	4135
13	4136
13	4137
13	4138
13	4139
13	4140
13	4141
13	4142
13	4143
13	4144
13	4145
13	4146
13	4147
13	4148
13	4149
13	4150
13	4151
13	4152
13	4153
13	4154
13	4155
13	4156
13	4157
13	4158
13	4159
13	4160
13	4161
13	4162
13	4163
13	4164
13	4165
13	4166
13	4167
13	4168
13	4169
13	4170
13	4171
13	4172
13	4173
13	4174
13	4175
13	4176
13	4177
13	4178
13	4179
13	4180
13	4181
13	4182
13	4183
13	4184
13	4185
13	4186
13	4187
13	4188
13	4189
13	4190
13	4191
13	4192
13	4193
13	4194
13	4195
13	4196
13	4197
13	4198
13	4199
13	4200
13	4201
13	4202
13	4203
13	4204
13	4205
13	4206
13	4207
13	4208
13	4209
13	4210
13	4211
13	4212
13	4213
13	4214
13	4215
13	4216
13	4217
13	4218
13	4219
13	4220
13	4221
13	4222
13	4223
13	4224
13	4225
13	4226
13	4227
13	4228
13	4229
13	4230
13	4231
13	4232
13	4233
13	4234
13	4235
13	4236
13	4237
13	4238
13	4239
13	4240
13	4241
13	4242
13	4243
13	4244
13	4245
13	4246
13	4247
13	4248
13	4249
13	4250
13	4251
13	4252
13	4253
13	4254
13	4255
13	4256
13	4257
13	4258
13	4259
13	4260
13	4261
13	4262
13	4263
13	4264
13	4265
13	4266
13	4267
13	4268
13	4269
13	4270
13	4271
13	4272
13	4273
13	4274
13	4275
13	4276
13	4277
13	4278
13	4279
13	4280
13	4281
13	4282
13	4283
13	4284
13	4285
13	4286
13	4287
13	4288
13	4289
13	4290
13	4291
13	4292
13	4293
13	4294
13	4295
13	4296
13	4297
13	4298
13	4299
13	4300
13	4301
13	4302
13	4303
13	4304
13	4305
13	4306
13	4307
13	4308
13	4309
13	4310
13	4311
13	4312
13	4313
13	4314
13	4315
13	4316
13	4317
13	4318
13	4319
13	4320
13	4321
13	4322
13	4323
13	4324
13	4325
13	4326
13	4327
13	4328
13	4329
13	4330
13	4331
13	4332
13	4333
13	4334
13	4335
13	4336
13	4337
13	4338
13	4339
13	4340
13	4341
13	4342
13	4343
13	4344
13	4345
13	4346
13	4347
13	4348
13	4349
13	4350
13	4351
13	4352
13	4353
13	4354
13	4355
13	4356
13	4357
13	4358
13	4359
13	4360
13	4361
13	4362
13	4363
13	4364
13	4365
13	4366
13	4367
13	4368
13	4369
13	4370
13	4371
13	4372
13	4373
13	4374
13	4375
13	4376
13	4377
13	4378
13	4379
13	4380
13	4381
13	4382
13	4383
13	4384
13	4385
13	4386
13	4387
13	4388
13	4389
13	4390
13	4391
13	4392
13	4393
13	4394
13	4395
13	4396
13	4397
13	4398
13	4399
13	4400
13	4401
13	4402
13	4403
13	4404
13	4405
13	4406
13	4407
13	4408
13	4409
13	4410
13	4411
13	4412
13	4413
13	4414
13	4415
13	4416
13	4417
13	4418
13	4419
13	4420
13	4421
13	4422
13	4423
13	4424
13	4425
13	4426
13	4427
13	4428
13	4429
13	4430
13	4431
13	4432
13	4433
13	4434
13	4435
13	4436
13	4437
13	4438
13	4439
13	4440
13	4441
13	4442
13	4443
13	4444
13	4445
13	4446
13	4447
13	4448
13	4449
13	4450
13	4451
13	4452
13	4453
13	4454
13	4455
13	4456
13	4457
13	4458
13	4459
13	4460
13	4461
13	4462
13	4463
13	4464
13	4465
13	4466
13	4467
13	4468
13	4469
13	4470
13	4471
13	4472
13	4473
13	4474
13	4475
13	4476
13	4477
13	4478
13	4479
13	4480
13	4481
13	4482
13	4483
13	4484
13	4485
13	4486
13	4487
13	4488
13	4489
13	4490
13	4491
13	4492
13	4493
13	4494
13	4495
13	4496
13	4497
13	4498
13	4499
13	4500
13	4501
13	4502
13	4503
13	4504
13	4505
13	4506
13	4507
13	4508
13	4509
13	4510
13	4511
13	4512
13	4513
13	4514
13	4515
13	4516
13	4517
13	4518
13	4519
13	4520
13	4521
13	4522
13	4523
13	4524
13	4525
13	4526
13	4527
13	4528
13	4529
13	4530
13	4531
13	4532
13	4533
13	4534
13	4535
13	4536
13	4537
13	4538
13	4539
13	4540
13	4541
13	4542
13	4543
13	4544
13	4545
13	4546
13	4547
13	4548
13	4549
13	4550
13	4551
13	4552
13	4553
13	4554
13	4555
13	4556
13	4557
13	4558
13	4559
13	4560
13	4561
13	4562
13	4563
13	4564
13	4565
13	4566
13	4567
13	4568
13	4569
13	4570
13	4571
13	4572
13	4573
13	4574
13	4575
13	4576
13	4577
13	4578
13	4579
13	4580
13	4581
13	4582
13	4583
13	4584
13	4585
13	4586
13	4587
13	4588
13	4589
13	4590
13	4591
13	4592
13	4593
13	4594
13	4595
13	4596
13	4597
13	4598
13	4599
13	4600
13	4601
13	4602
13	4603
13	4604
13	4605
13	4606
13	4607
13	4608
13	4609
13	4610
13	4611
13	4612
13	4613
13	4614
13	4615
13	4616
13	4617
13	4618
13	4619
13	4620
13	4621
13	4622
13	4623
13	4624
13	4625
13	4626
13	4627
13	4628
13	4629
13	4630
13	4631
13	4632
13	4633
13	4634
13	4635
13	4636
13	4637
13	4638
13	4639
13	4640
13	4641
13	4642
13	4643
13	4644
13	4645
13	4646
13	4647
13	4648
13	4649
13	4650
13	4651
13	4652
13	4653
13	4654
13	4655
13	4656
13	4657
13	4658
13	4659
13	4660
13	4661
13	4662
13	4663
13	4664
13	4665
13	4666
13	4667
13	4668
13	4669
13	4670
13	4671
13	4672
13	4673
13	4674
13	4675
13	4676
13	4677
13	4678
13	4679
13	4680
13	4681
13	4682
13	4683
13	4684
13	4685
13	4686
13	4687
13	4688
13	4689
13	4690
13	4691
13	4692
13	4693
13	4694
13	4695
13	4696
13	4697
13	4698
13	4699
13	4700
13	4701
13	4702
13	4703
13	4704
13	4705
13	4706
13	4707
13	4708
13	4709
13	4710
13	4711
13	4712
13	4713
13	4714
13	4715
13	4716
13	4717
13	4718
13	4719
13	4720
13	4721
13	4722
13	4723
13	4724
13	4725
13	4726
13	4727
13	4728
13	4729
13	4730
13	4731
13	4732
13	4733
13	4734
13	4735
13	4736
13	4737
13	4738
13	4739
13	4740
13	4741
13	4742
13	4743
13	4744
13	4745
13	4746
13	4747
13	4748
13	4749
13	4750
13	4751
13	4752
13	4753
13	4754
13	4755
13	4756
13	4757
13	4758
13	4759
13	4760
13	4761
13	4762
13	4763
13	4764
13	4765
13	4766
13	4767
13	4768
13	4769
13	4770
13	4771
13	4772
13	4773
13	4774
13	4775
13	4776
13	4777
13	4778
13	4779
13	4780
13	4781
13	4782
13	4783
13	4784
13	4785
13	4786
13	4787
13	4788
13	4789
13	4790
13	4791
13	4792
13	4793
13	4794
13	4795
13	4796
13	4797
13	4798
13	4799
13	4800
13	4801
13	4802
13	4803
13	4804
13	4805
13	4806
13	4807
13	4808
13	4809
13	4810
13	4811
13	4812
13	4813
13	4814
13	4815
13	4816
13	4817
13	4818
13	4819
13	4820
13	4821
13	4822
13	4823
13	4824
13	4825
13	4826
13	4827
13	4828
13	4829
13	4830
13	4831
13	4832
13	4833
13	4834
13	4835
13	4836
13	4837
13	4838
13	4839
13	4840
13	4841
13	4842
13	4843
13	4844
13	4845
13	4846
13	4847
13	4848
13	4849
13	4850
13	4851
13	4852
13	4853
13	4854
13	4855
13	4856
13	4857
13	4858
13	4859
13	4860
13	4861
13	4862
13	4863
13	4864
13	4865
13	4866
13	4867
13	4868
13	4869
13	4870
13	4871
13	4872
13	4873
13	4874
13	4875
13	4876
13	4877
13	4878
13	4879
13	4880
13	4881
13	4882
13	4883
13	4884
13	4885
13	4886
13	4887
13	4888
13	4889
13	4890
13	4891
13	4892
13	4893
13	4894
13	4895
13	4896
13	4897
13	4898
13	4899
13	4900
13	4901
13	4902
13	4903
13	4904
13	4905
13	4906
13	4907
13	4908
13	4909
13	4910
13	4911
13	4912
13	4913
13	4914
13	4915
13	4916
13	4917
13	4918
13	4919
13	4920
13	4921
13	4922
13	4923
13	4924
13	4925
13	4926
13	4927
13	4928
13	4929
13	4930
13	4931
13	4932
13	4933
13	4934
13	4935
13	4936
13	4937
13	4938
13	4939
13	4940
13	4941
13	4942
13	4943
13	4944
13	4945
13	4946
13	4947
13	4948
13	4949
13	4950
13	4951
13	4952
13	4953
13	4954
13	4955
13	4956
13	4957
13	4958
13	4959
13	4960
13	4961
13	4962
13	4963
13	4964
13	4965
13	4966
13	4967
13	4968
13	4969
13	4970
13	4971
13	4972
13	4973
13	4974
13	4975
13	4976
13	4977
13	4978
13	4979
13	4980
13	4981
13	4982
13	4983
13	4984
13	4985
13	4986
13	4987
13	4988
13	4989
13	4990
13	4991
13	4992
13	4993
13	4994
13	4995
13	4996
13	4997
13	4998
13	4999
13	5000
13	5001
13	5002
13	5003
13	5004
13	5005
13	5006
13	5007
13	5008
13	5009
13	5010
13	5011
13	5012
13	5013
13	5014
13	5015
13	5016
13	5017
13	5018
13	5019
13	5020
13	5021
13	5022
13	5023
13	5024
13	5025
13	5026
13	5027
13	5028
13	5029
13	5030
13	5031
13	5032
13	5033
13	5034
13	5035
13	5036
13	5037
13	5038
13	5039
13	5040
13	5041
13	5042
13	5043
13	5044
13	5045
13	5046
13	5047
13	5048
13	5049
13	5050
13	5051
13	5052
13	5053
13	5054
13	5055
13	5056
13	5057
13	5058
13	5059
13	5060
13	5061
13	5062
13	5063
13	5064
13	5065
13	5066
13	5067
13	5068
13	5069
13	5070
13	5071
13	5072
13	5073
13	5074
13	5075
13	5076
13	5077
13	5078
13	5079
13	5080
13	5081
13	5082
13	5083
13	5084
13	5085
13	5086
13	5087
13	5088
13	5089
13	5090
13	5091
13	5092
13	5093
13	5094
13	5095
13	5096
13	5097
13	5098
13	5099
13	5100
13	5101
13	5102
13	5103
13	5104
13	5105
13	5106
13	5107
13	5108
13	5109
13	5110
13	5111
13	5112
13	5113
13	5114
13	5115
13	5116
13	5117
13	5118
13	5119
13	5120
13	5121
13	5122
13	5123
13	5124
13	5125
13	5126
13	5127
13	5128
13	5129
13	5130
13	5131
13	5132
13	5133
13	5134
13	5135
13	5136
13	5137
13	5138
13	5139
13	5140
13	5141
13	5142
13	5143
13	5144
13	5145
13	5146
13	5147
13	5148
13	5149
13	5150
13	5151
13	5152
13	5153
13	5154
13	5155
13	5156
13	5157
13	5158
13	5159
13	5160
13	5161
13	5162
13	5163
13	5164
13	5165
13	5166
13	5167
13	5168
13	5169
13	5170
13	5171
13	5172
13	5173
13	5174
13	5175
13	5176
13	5177
13	5178
13	5179
13	5180
13	5181
13	5182
13	5183
13	5184
13	5185
13	5186
13	5187
13	5188
13	5189
13	5190
13	5191
13	5192
13	5193
13	5194
13	5195
13	5196
13	5197
13	5198
13	5199
13	5200
13	5201
13	5202
13	5203
13	5204
13	5205
13	5206
13	5207
13	5208
13	5209
13	5210
13	5211
13	5212
13	5213
13	5214
13	5215
13	5216
13	5217
13	5218
13	5219
13	5220
13	5221
13	5222
13	5223
13	5224
13	5225
13	5226
13	5227
13	5228
13	5229
13	5230
13	5231
13	5232
13	5233
13	5234
13	5235
13	5236
13	5237
13	5238
13	5239
13	5240
13	5241
13	5242
13	5243
13	5244
13	5245
13	5246
13	5247
13	5248
13	5249
13	5250
13	5251
13	5252
13	5253
13	5254
13	5255
13	5256
13	5257
13	5258
13	5259
13	5260
13	5261
13	5262
13	5263
13	5264
13	5265
13	5266
13	5267
13	5268
13	5269
14	5270
14	5271
14	5272
14	5273
14	5274
14	5275
14	5276
14	5277
14	5278
14	5279
14	5280
14	5281
14	5282
14	5283
14	5284
14	5285
14	5286
14	5287
14	5288
14	5289
14	5290
14	5291
14	5292
14	5293
14	5294
14	5295
14	5296
14	5297
14	5298
14	5299
14	5300
14	5301
14	5302
14	5303
14	5304
14	5305
14	5306
14	5307
14	5308
14	5309
14	5310
14	5311
14	5312
14	5313
14	5314
14	5315
14	5316
14	5317
14	5318
14	5319
14	5320
14	5321
14	5322
14	5323
14	5324
14	5325
14	5326
14	5327
14	5328
14	5329
14	5330
14	5331
14	5332
14	5333
14	5334
14	5335
14	5336
14	5337
14	5338
14	5339
14	5340
14	5341
14	5342
14	5343
14	5344
14	5345
14	5346
14	5347
14	5348
14	5349
14	5350
14	5351
14	5352
14	5353
14	5354
14	5355
14	5356
14	5357
14	5358
14	5359
14	5360
14	5361
14	5362
14	5363
14	5364
14	5365
14	5366
14	5367
14	5368
14	5369
14	5370
14	5371
14	5372
14	5373
14	5374
14	5375
14	5376
14	5377
14	5378
14	5379
14	5380
14	5381
14	5382
14	5383
14	5384
14	5385
14	5386
14	5387
14	5388
14	5389
14	5390
14	5391
14	5392
14	5393
14	5394
14	5395
14	5396
14	5397
14	5398
14	5399
14	5400
14	5401
14	5402
14	5403
14	5404
14	5405
14	5406
14	5407
14	5408
14	5409
14	5410
14	5411
14	5412
14	5413
14	5414
14	5415
14	5416
14	5417
14	5418
14	5419
14	5420
14	5421
14	5422
14	5423
14	5424
14	5425
14	5426
14	5427
14	5428
14	5429
14	5430
14	5431
14	5432
14	5433
14	5434
14	5435
14	5436
14	5437
14	5438
14	5439
14	5440
14	5441
14	5442
14	5443
14	5444
14	5445
14	5446
14	5447
14	5448
14	5449
14	5450
14	5451
14	5452
14	5453
14	5454
14	5455
14	5456
14	5457
14	5458
14	5459
14	5460
14	5461
14	5462
14	5463
14	5464
14	5465
14	5466
14	5467
14	5468
14	5469
14	5470
14	5471
14	5472
14	5473
14	5474
14	5475
14	5476
14	5477
14	5478
14	5479
14	5480
14	5481
14	5482
14	5483
14	5484
14	5485
14	5486
14	5487
14	5488
14	5489
14	5490
14	5491
14	5492
14	5493
14	5494
14	5495
14	5496
14	5497
14	5498
14	5499
14	5500
14	5501
14	5502
14	5503
14	5504
14	5505
14	5506
14	5507
14	5508
14	5509
14	5510
14	5511
14	5512
14	5513
14	5514
14	5515
14	5516
14	5517
14	5518
14	5519
14	5520
14	5521
14	5522
14	5523
14	5524
14	5525
14	5526
14	5527
14	5528
14	5529
14	5530
14	5531
14	5532
14	5533
14	5534
14	5535
14	5536
14	5537
14	5538
14	5539
14	5540
14	5541
14	5542
14	5543
14	5544
14	5545
14	5546
14	5547
14	5548
14	5549
14	5550
14	5551
14	5552
14	5553
14	5554
14	5555
14	5556
14	5557
14	5558
14	5559
14	5560
14	5561
14	5562
14	5563
14	5564
14	5565
14	5566
14	5567
14	5568
14	5569
14	5570
14	5571
14	5572
14	5573
14	5574
14	5575
14	5576
14	5577
14	5578
14	5579
14	5580
14	5581
14	5582
14	5583
14	5584
14	5585
14	5586
14	5587
14	5588
14	5589
14	5590
14	5591
14	5592
14	5593
14	5594
14	5595
14	5596
14	5597
14	5598
14	5599
14	5600
14	5601
14	5602
14	5603
14	5604
14	5605
14	5606
14	5607
14	5608
14	5609
14	5610
14	5611
14	5612
14	5613
14	5614
14	5615
14	5616
14	5617
14	5618
14	5619
14	5620
14	5621
14	5622
14	5623
14	5624
14	5625
14	5626
14	5627
14	5628
14	5629
14	5630
14	5631
14	5632
14	5633
14	5634
14	5635
14	5636
14	5637
14	5638
14	5639
14	5640
14	5641
14	5642
14	5643
14	5644
14	5645
14	5646
14	5647
14	5648
14	5649
14	5650
14	5651
14	5652
14	5653
14	5654
14	5655
14	5656
14	5657
14	5658
14	5659
14	5660
14	5661
14	5662
14	5663
14	5664
14	5665
14	5666
14	5667
14	5668
14	5669
14	5670
14	5671
14	5672
14	5673
14	5674
14	5675
14	5676
14	5677
14	5678
14	5679
14	5680
14	5681
14	5682
14	5683
14	5684
14	5685
14	5686
14	5687
14	5688
14	5689
14	5690
14	5691
14	5692
14	5693
14	5694
14	5695
14	5696
14	5697
14	5698
14	5699
14	5700
14	5701
14	5702
14	5703
14	5704
14	5705
14	5706
14	5707
14	5708
14	5709
14	5710
14	5711
14	5712
14	5713
14	5714
14	5715
14	5716
14	5717
14	5718
14	5719
14	5720
14	5721
14	5722
14	5723
14	5724
14	5725
14	5726
14	5727
14	5728
14	5729
14	5730
14	5731
14	5732
14	5733
14	5734
14	5735
14	5736
14	5737
14	5738
14	5739
14	5740
14	5741
14	5742
14	5743
14	5744
14	5745
14	5746
14	5747
14	5748
14	5749
14	5750
14	5751
14	5752
14	5753
14	5754
14	5755
14	5756
14	5757
14	5758
14	5759
14	5760
14	5761
14	5762
14	5763
14	5764
14	5765
14	5766
14	5767
14	5768
14	5769
14	5770
14	5771
14	5772
14	5773
14	5774
14	5775
14	5776
14	5777
14	5778
14	5779
15	5780
15	5781
15	5782
15	5783
15	5784
15	5785
15	5786
15	5787
15	5788
15	5789
15	5790
15	5791
15	5792
15	5793
15	5794
15	5795
15	5796
15	5797
15	5798
15	5799
15	5800
15	5801
15	5802
15	5803
15	5804
15	5805
15	5806
15	5807
15	5808
15	5809
15	5810
15	5811
15	5812
15	5813
15	5814
15	5815
15	5816
15	5817
15	5818
15	5819
15	5820
15	5821
15	5822
15	5823
15	5824
15	5825
15	5826
15	5827
15	5828
15	5829
15	5830
15	5831
15	5832
15	5833
15	5834
15	5835
15	5836
15	5837
15	5838
15	5839
15	5840
15	5841
15	5842
15	5843
15	5844
15	5845
15	5846
15	5847
15	5848
15	5849
15	5850
15	5851
15	5852
15	5853
15	5854
15	5855
15	5856
15	5857
15	5858
15	5859
15	5860
15	5861
15	5862
15	5863
15	5864
15	5865
15	5866
15	5867
15	5868
15	5869
15	5870
15	5871
15	5872
15	5873
15	5874
15	5875
15	5876
15	5877
15	5878
15	5879
15	5880
15	5881
15	5882
15	5883
15	5884
15	5885
15	5886
15	5887
15	5888
15	5889
15	5890
15	5891
15	5892
15	5893
15	5894
15	5895
15	5896
15	5897
15	5898
15	5899
15	5900
15	5901
15	5902
15	5903
15	5904
15	5905
15	5906
15	5907
15	5908
15	5909
15	5910
15	5911
15	5912
15	5913
15	5914
15	5915
15	5916
15	5917
15	5918
15	5919
15	5920
15	5921
15	5922
15	5923
15	5924
15	5925
15	5926
15	5927
15	5928
15	5929
15	5930
15	5931
15	5932
15	5933
15	5934
15	5935
15	5936
15	5937
15	5938
15	5939
15	5940
15	5941
15	5942
15	5943
15	5944
15	5945
15	5946
15	5947
15	5948
15	5949
15	5950
15	5951
15	5952
15	5953
15	5954
15	5955
15	5956
15	5957
15	5958
15	5959
15	5960
15	5961
15	5962
15	5963
15	5964
15	5965
15	5966
15	5967
15	5968
15	5969
15	5970
15	5971
15	5972
15	5973
15	5974
15	5975
15	5976
15	5977
15	5978
15	5979
15	5980
15	5981
15	5982
15	5983
15	5984
15	5985
15	5986
15	5987
15	5988
15	5989
15	5990
15	5991
15	5992
15	5993
15	5994
15	5995
15	5996
15	5997
15	5998
15	5999
15	6000
15	6001
15	6002
15	6003
15	6004
15	6005
15	6006
15	6007
15	6008
15	6009
15	6010
15	6011
15	6012
15	6013
15	6014
15	6015
15	6016
15	6017
15	6018
15	6019
15	6020
15	6021
15	6022
15	6023
15	6024
15	6025
15	6026
15	6027
15	6028
15	6029
15	6030
15	6031
15	6032
15	6033
15	6034
15	6035
15	6036
15	6037
15	6038
15	6039
15	6040
15	6041
15	6042
15	6043
15	6044
15	6045
15	6046
15	6047
15	6048
15	6049
15	6050
15	6051
15	6052
15	6053
15	6054
15	6055
15	6056
15	6057
15	6058
15	6059
15	6060
15	6061
15	6062
15	6063
15	6064
15	6065
15	6066
15	6067
15	6068
15	6069
15	6070
15	6071
15	6072
15	6073
15	6074
15	6075
15	6076
15	6077
15	6078
15	6079
15	6080
15	6081
15	6082
15	6083
15	6084
15	6085
15	6086
15	6087
15	6088
15	6089
15	6090
15	6091
15	6092
15	6093
15	6094
15	6095
15	6096
15	6097
15	6098
15	6099
15	6100
15	6101
15	6102
15	6103
15	6104
15	6105
15	6106
15	6107
15	6108
15	6109
15	6110
15	6111
15	6112
15	6113
15	6114
15	6115
15	6116
15	6117
15	6118
15	6119
15	6120
15	6121
15	6122
15	6123
15	6124
15	6125
15	6126
15	6127
15	6128
15	6129
15	6130
15	6131
15	6132
15	6133
15	6134
15	6135
15	6136
15	6137
15	6138
15	6139
15	6140
15	6141
15	6142
15	6143
15	6144
15	6145
15	6146
15	6147
15	6148
15	6149
15	6150
15	6151
15	6152
15	6153
15	6154
15	6155
15	6156
15	6157
15	6158
15	6159
15	6160
15	6161
15	6162
15	6163
15	6164
15	6165
15	6166
15	6167
15	6168
15	6169
15	6170
15	6171
15	6172
15	6173
15	6174
15	6175
15	6176
15	6177
15	6178
15	6179
15	6180
15	6181
15	6182
15	6183
15	6184
15	6185
15	6186
15	6187
15	6188
15	6189
15	6190
15	6191
15	6192
15	6193
15	6194
15	6195
15	6196
15	6197
15	6198
15	6199
15	6200
15	6201
15	6202
15	6203
15	6204
15	6205
15	6206
15	6207
15	6208
15	6209
15	6210
15	6211
15	6212
15	6213
15	6214
15	6215
15	6216
15	6217
15	6218
15	6219
15	6220
15	6221
15	6222
15	6223
15	6224
15	6225
15	6226
15	6227
15	6228
15	6229
15	6230
15	6231
15	6232
15	6233
15	6234
15	6235
15	6236
15	6237
15	6238
15	6239
15	6240
15	6241
15	6242
15	6243
15	6244
15	6245
15	6246
15	6247
15	6248
15	6249
15	6250
15	6251
15	6252
15	6253
15	6254
15	6255
15	6256
15	6257
15	6258
15	6259
15	6260
15	6261
15	6262
15	6263
15	6264
15	6265
15	6266
15	6267
15	6268
15	6269
15	6270
15	6271
15	6272
15	6273
15	6274
15	6275
15	6276
15	6277
15	6278
15	6279
15	6280
15	6281
15	6282
15	6283
15	6284
15	6285
15	6286
15	6287
15	6288
15	6289
15	6290
15	6291
15	6292
15	6293
15	6294
15	6295
15	6296
15	6297
15	6298
15	6299
15	6300
15	6301
15	6302
15	6303
15	6304
15	6305
15	6306
15	6307
15	6308
15	6309
15	6310
15	6311
15	6312
15	6313
15	6314
15	6315
15	6316
15	6317
15	6318
15	6319
15	6320
15	6321
15	6322
15	6323
15	6324
15	6325
15	6326
15	6327
15	6328
15	6329
15	6330
15	6331
15	6332
15	6333
15	6334
15	6335
15	6336
15	6337
15	6338
15	6339
15	6340
15	6341
15	6342
15	6343
15	6344
15	6345
15	6346
15	6347
15	6348
15	6349
15	6350
15	6351
15	6352
15	6353
15	6354
15	6355
15	6356
15	6357
15	6358
15	6359
15	6360
15	6361
15	6362
15	6363
15	6364
15	6365
15	6366
15	6367
15	6368
15	6369
15	6370
15	6371
15	6372
15	6373
15	6374
15	6375
15	6376
15	6377
15	6378
15	6379
15	6380
15	6381
15	6382
15	6383
15	6384
15	6385
15	6386
15	6387
15	6388
15	6389
15	6390
15	6391
15	6392
15	6393
15	6394
15	6395
15	6396
15	6397
15	6398
15	6399
15	6400
15	6401
15	6402
15	6403
15	6404
15	6405
15	6406
15	6407
15	6408
15	6409
15	6410
15	6411
15	6412
15	6413
15	6414
15	6415
15	6416
15	6417
15	6418
15	6419
15	6420
15	6421
15	6422
15	6423
15	6424
15	6425
15	6426
15	6427
15	6428
15	6429
15	6430
15	6431
15	6432
15	6433
15	6434
15	6435
15	6436
15	6437
15	6438
15	6439
15	6440
15	6441
15	6442
15	6443
15	6444
15	6445
15	6446
15	6447
15	6448
15	6449
15	6450
15	6451
15	6452
15	6453
15	6454
15	6455
15	6456
15	6457
15	6458
15	6459
15	6460
15	6461
15	6462
15	6463
15	6464
15	6465
15	6466
15	6467
15	6468
15	6469
15	6470
15	6471
15	6472
15	6473
15	6474
15	6475
15	6476
15	6477
15	6478
15	6479
15	6480
15	6481
15	6482
15	6483
15	6484
15	6485
15	6486
15	6487
15	6488
15	6489
15	6490
15	6491
15	6492
15	6493
15	6494
15	6495
15	6496
15	6497
15	6498
15	6499
15	6500
15	6501
15	6502
15	6503
15	6504
15	6505
15	6506
15	6507
15	6508
15	6509
15	6510
15	6511
15	6512
15	6513
15	6514
15	6515
15	6516
15	6517
15	6518
15	6519
15	6520
15	6521
15	6522
15	6523
15	6524
15	6525
15	6526
15	6527
15	6528
15	6529
15	6530
15	6531
15	6532
15	6533
15	6534
15	6535
15	6536
15	6537
15	6538
15	6539
15	6540
15	6541
15	6542
15	6543
15	6544
15	6545
15	6546
15	6547
15	6548
15	6549
15	6550
15	6551
15	6552
15	6553
15	6554
15	6555
15	6556
15	6557
15	6558
15	6559
15	6560
15	6561
15	6562
15	6563
15	6564
15	6565
15	6566
15	6567
15	6568
15	6569
15	6570
15	6571
15	6572
15	6573
15	6574
15	6575
15	6576
15	6577
15	6578
15	6579
15	6580
15	6581
15	6582
15	6583
15	6584
15	6585
15	6586
15	6587
15	6588
15	6589
15	6590
15	6591
15	6592
15	6593
15	6594
15	6595
15	6596
15	6597
15	6598
15	6599
15	6600
15	6601
15	6602
15	6603
15	6604
15	6605
15	6606
15	6607
15	6608
15	6609
15	6610
15	6611
15	6612
15	6613
15	6614
15	6615
15	6616
15	6617
15	6618
15	6619
15	6620
15	6621
15	6622
15	6623
15	6624
15	6625
15	6626
15	6627
15	6628
15	6629
15	6630
15	6631
15	6632
15	6633
15	6634
15	6635
15	6636
15	6637
15	6638
15	6639
15	6640
15	6641
15	6642
15	6643
15	6644
15	6645
15	6646
15	6647
15	6648
15	6649
15	6650
15	6651
15	6652
15	6653
15	6654
15	6655
15	6656
15	6657
15	6658
15	6659
15	6660
15	6661
15	6662
15	6663
15	6664
15	6665
15	6666
15	6667
15	6668
15	6669
15	6670
15	6671
15	6672
15	6673
15	6674
15	6675
15	6676
15	6677
15	6678
15	6679
15	6680
15	6681
15	6682
15	6683
15	6684
15	6685
15	6686
15	6687
15	6688
15	6689
15	6690
15	6691
15	6692
15	6693
15	6694
15	6695
15	6696
15	6697
15	6698
15	6699
15	6700
15	6701
15	6702
15	6703
15	6704
15	6705
15	6706
15	6707
15	6708
15	6709
15	6710
15	6711
15	6712
15	6713
15	6714
15	6715
15	6716
15	6717
15	6718
15	6719
15	6720
15	6721
15	6722
15	6723
15	6724
15	6725
15	6726
15	6727
15	6728
15	6729
15	6730
15	6731
15	6732
15	6733
15	6734
15	6735
15	6736
15	6737
15	6738
15	6739
15	6740
15	6741
15	6742
15	6743
15	6744
15	6745
15	6746
15	6747
15	6748
15	6749
15	6750
15	6751
15	6752
15	6753
15	6754
15	6755
15	6756
15	6757
15	6758
15	6759
15	6760
15	6761
15	6762
15	6763
15	6764
15	6765
15	6766
15	6767
15	6768
15	6769
15	6770
15	6771
15	6772
15	6773
15	6774
15	6775
15	6776
15	6777
15	6778
15	6779
15	6780
15	6781
15	6782
15	6783
15	6784
15	6785
15	6786
15	6787
15	6788
15	6789
15	6790
15	6791
15	6792
15	6793
15	6794
15	6795
15	6796
15	6797
15	6798
15	6799
15	6800
15	6801
15	6802
15	6803
15	6804
15	6805
15	6806
15	6807
15	6808
15	6809
15	6810
15	6811
15	6812
15	6813
15	6814
15	6815
15	6816
15	6817
15	6818
15	6819
15	6820
15	6821
15	6822
15	6823
15	6824
15	6825
15	6826
15	6827
15	6828
15	6829
15	6830
15	6831
15	6832
15	6833
15	6834
15	6835
15	6836
15	6837
15	6838
15	6839
15	6840
15	6841
15	6842
15	6843
15	6844
15	6845
15	6846
15	6847
15	6848
15	6849
15	6850
15	6851
15	6852
15	6853
15	6854
15	6855
15	6856
15	6857
15	6858
15	6859
15	6860
15	6861
15	6862
15	6863
15	6864
15	6865
15	6866
15	6867
15	6868
15	6869
15	6870
15	6871
15	6872
15	6873
15	6874
15	6875
15	6876
15	6877
15	6878
15	6879
15	6880
15	6881
15	6882
15	6883
15	6884
15	6885
15	6886
15	6887
15	6888
15	6889
15	6890
15	6891
15	6892
15	6893
15	6894
15	6895
15	6896
15	6897
15	6898
15	6899
15	6900
15	6901
15	6902
15	6903
15	6904
15	6905
15	6906
15	6907
15	6908
15	6909
15	6910
15	6911
15	6912
15	6913
15	6914
15	6915
15	6916
15	6917
15	6918
15	6919
15	6920
15	6921
15	6922
15	6923
15	6924
15	6925
15	6926
15	6927
15	6928
15	6929
15	6930
15	6931
15	6932
15	6933
15	6934
15	6935
15	6936
15	6937
15	6938
15	6939
15	6940
15	6941
15	6942
15	6943
15	6944
15	6945
15	6946
15	6947
15	6948
15	6949
15	6950
15	6951
15	6952
15	6953
15	6954
15	6955
15	6956
15	6957
15	6958
15	6959
15	6960
15	6961
15	6962
15	6963
15	6964
15	6965
15	6966
15	6967
15	6968
15	6969
15	6970
15	6971
15	6972
15	6973
15	6974
15	6975
15	6976
15	6977
15	6978
15	6979
15	6980
15	6981
15	6982
15	6983
15	6984
15	6985
15	6986
15	6987
15	6988
15	6989
15	6990
15	6991
15	6992
15	6993
15	6994
15	6995
15	6996
15	6997
15	6998
15	6999
15	7000
15	7001
15	7002
15	7003
15	7004
15	7005
15	7006
15	7007
15	7008
15	7009
15	7010
15	7011
15	7012
15	7013
15	7014
15	7015
15	7016
15	7017
15	7018
15	7019
15	7020
15	7021
15	7022
15	7023
15	7024
15	7025
15	7026
15	7027
15	7028
15	7029
15	7030
15	7031
15	7032
15	7033
15	7034
15	7035
15	7036
15	7037
15	7038
15	7039
15	7040
15	7041
15	7042
15	7043
15	7044
15	7045
15	7046
15	7047
15	7048
15	7049
15	7050
15	7051
15	7052
15	7053
15	7054
15	7055
15	7056
15	7057
15	7058
15	7059
15	7060
15	7061
15	7062
15	7063
15	7064
15	7065
15	7066
15	7067
15	7068
15	7069
15	7070
15	7071
15	7072
15	7073
15	7074
15	7075
15	7076
15	7077
15	7078
15	7079
15	7080
15	7081
15	7082
15	7083
15	7084
15	7085
15	7086
15	7087
15	7088
15	7089
15	7090
15	7091
15	7092
15	7093
15	7094
15	7095
15	7096
15	7097
15	7098
15	7099
15	7100
15	7101
15	7102
15	7103
15	7104
15	7105
15	7106
15	7107
15	7108
15	7109
15	7110
15	7111
15	7112
15	7113
15	7114
15	7115
15	7116
15	7117
15	7118
15	7119
15	7120
15	7121
15	7122
15	7123
15	7124
15	7125
15	7126
15	7127
15	7128
15	7129
15	7130
15	7131
15	7132
15	7133
15	7134
15	7135
15	7136
15	7137
15	7138
15	7139
15	7140
15	7141
15	7142
15	7143
15	7144
15	7145
15	7146
15	7147
15	7148
15	7149
15	7150
15	7151
15	7152
15	7153
15	7154
15	7155
15	7156
15	7157
15	7158
15	7159
15	7160
15	7161
15	7162
15	7163
15	7164
15	7165
15	7166
15	7167
15	7168
15	7169
15	7170
15	7171
15	7172
15	7173
15	7174
15	7175
15	7176
15	7177
15	7178
15	7179
15	7180
15	7181
15	7182
15	7183
15	7184
15	7185
15	7186
15	7187
15	7188
15	7189
15	7190
15	7191
15	7192
15	7193
15	7194
15	7195
15	7196
15	7197
15	7198
15	7199
15	7200
15	7201
15	7202
15	7203
15	7204
15	7205
15	7206
15	7207
15	7208
15	7209
15	7210
15	7211
15	7212
15	7213
15	7214
15	7215
15	7216
15	7217
15	7218
15	7219
15	7220
15	7221
15	7222
15	7223
15	7224
15	7225
15	7226
15	7227
15	7228
15	7229
15	7230
15	7231
15	7232
15	7233
15	7234
15	7235
15	7236
15	7237
15	7238
15	7239
15	7240
15	7241
15	7242
15	7243
15	7244
15	7245
15	7246
15	7247
15	7248
15	7249
15	7250
15	7251
15	7252
15	7253
15	7254
15	7255
15	7256
15	7257
15	7258
15	7259
15	7260
15	7261
15	7262
15	7263
15	7264
15	7265
15	7266
15	7267
15	7268
15	7269
15	7270
15	7271
15	7272
15	7273
15	7274
15	7275
15	7276
15	7277
15	7278
15	7279
15	7280
15	7281
15	7282
15	7283
15	7284
15	7285
15	7286
15	7287
15	7288
15	7289
15	7290
15	7291
15	7292
15	7293
15	7294
15	7295
15	7296
15	7297
15	7298
15	7299
15	7300
15	7301
15	7302
15	7303
15	7304
15	7305
15	7306
15	7307
15	7308
15	7309
15	7310
15	7311
15	7312
15	7313
15	7314
15	7315
15	7316
15	7317
15	7318
15	7319
15	7320
15	7321
15	7322
15	7323
15	7324
15	7325
15	7326
15	7327
15	7328
15	7329
15	7330
15	7331
15	7332
15	7333
15	7334
15	7335
15	7336
15	7337
15	7338
15	7339
15	7340
15	7341
15	7342
15	7343
15	7344
15	7345
15	7346
15	7347
15	7348
15	7349
15	7350
15	7351
15	7352
15	7353
15	7354
15	7355
15	7356
15	7357
15	7358
15	7359
15	7360
15	7361
15	7362
15	7363
15	7364
15	7365
15	7366
15	7367
15	7368
15	7369
15	7370
15	7371
15	7372
15	7373
15	7374
15	7375
15	7376
15	7377
15	7378
15	7379
15	7380
15	7381
15	7382
15	7383
15	7384
15	7385
15	7386
15	7387
15	7388
15	7389
15	7390
15	7391
15	7392
15	7393
15	7394
15	7395
15	7396
15	7397
15	7398
15	7399
15	7400
15	7401
15	7402
15	7403
15	7404
15	7405
15	7406
15	7407
15	7408
15	7409
15	7410
15	7411
15	7412
15	7413
15	7414
15	7415
15	7416
15	7417
15	7418
15	7419
15	7420
15	7421
15	7422
15	7423
15	7424
15	7425
15	7426
15	7427
15	7428
15	7429
15	7430
15	7431
15	7432
15	7433
15	7434
15	7435
15	7436
15	7437
15	7438
15	7439
15	7440
15	7441
15	7442
15	7443
15	7444
15	7445
15	7446
15	7447
15	7448
15	7449
15	7450
15	7451
15	7452
15	7453
15	7454
15	7455
15	7456
15	7457
15	7458
15	7459
15	7460
15	7461
15	7462
15	7463
15	7464
15	7465
15	7466
15	7467
15	7468
15	7469
15	7470
15	7471
15	7472
15	7473
15	7474
15	7475
15	7476
15	7477
15	7478
15	7479
15	7480
15	7481
15	7482
15	7483
15	7484
15	7485
15	7486
15	7487
15	7488
15	7489
15	7490
15	7491
15	7492
15	7493
15	7494
15	7495
15	7496
15	7497
15	7498
15	7499
15	7500
15	7501
15	7502
15	7503
15	7504
15	7505
15	7506
15	7507
15	7508
15	7509
15	7510
15	7511
15	7512
15	7513
15	7514
15	7515
15	7516
15	7517
15	7518
15	7519
15	7520
15	7521
15	7522
15	7523
15	7524
15	7525
15	7526
15	7527
15	7528
15	7529
15	7530
15	7531
15	7532
15	7533
15	7534
15	7535
15	7536
15	7537
15	7538
15	7539
15	7540
15	7541
15	7542
15	7543
15	7544
15	7545
15	7546
15	7547
15	7548
15	7549
15	7550
15	7551
15	7552
15	7553
15	7554
15	7555
15	7556
15	7557
15	7558
15	7559
15	7560
15	7561
15	7562
15	7563
15	7564
15	7565
15	7566
15	7567
15	7568
15	7569
15	7570
15	7571
15	7572
15	7573
15	7574
15	7575
15	7576
15	7577
15	7578
15	7579
15	7580
15	7581
15	7582
15	7583
15	7584
15	7585
15	7586
15	7587
15	7588
15	7589
15	7590
15	7591
15	7592
15	7593
15	7594
15	7595
15	7596
15	7597
15	7598
15	7599
15	7600
15	7601
15	7602
15	7603
15	7604
15	7605
15	7606
15	7607
15	7608
15	7609
15	7610
15	7611
15	7612
15	7613
15	7614
15	7615
15	7616
15	7617
15	7618
15	7619
15	7620
15	7621
15	7622
15	7623
15	7624
15	7625
15	7626
15	7627
15	7628
15	7629
15	7630
15	7631
15	7632
15	7633
15	7634
15	7635
15	7636
15	7637
15	7638
15	7639
15	7640
15	7641
15	7642
15	7643
15	7644
15	7645
15	7646
15	7647
15	7648
15	7649
15	7650
15	7651
15	7652
15	7653
15	7654
15	7655
15	7656
15	7657
15	7658
15	7659
15	7660
15	7661
15	7662
15	7663
15	7664
15	7665
15	7666
15	7667
15	7668
15	7669
15	7670
15	7671
15	7672
15	7673
15	7674
15	7675
15	7676
15	7677
15	7678
15	7679
15	7680
15	7681
15	7682
15	7683
15	7684
15	7685
15	7686
15	7687
15	7688
15	7689
15	7690
15	7691
15	7692
15	7693
15	7694
15	7695
15	7696
15	7697
15	7698
15	7699
15	7700
15	7701
15	7702
15	7703
15	7704
15	7705
15	7706
15	7707
15	7708
15	7709
15	7710
15	7711
15	7712
15	7713
15	7714
15	7715
15	7716
15	7717
15	7718
15	7719
15	7720
15	7721
15	7722
15	7723
15	7724
15	7725
15	7726
15	7727
15	7728
15	7729
15	7730
15	7731
15	7732
15	7733
15	7734
15	7735
15	7736
15	7737
15	7738
15	7739
15	7740
15	7741
15	7742
15	7743
15	7744
15	7745
15	7746
15	7747
15	7748
15	7749
15	7750
15	7751
15	7752
15	7753
15	7754
15	7755
15	7756
15	7757
15	7758
15	7759
15	7760
15	7761
15	7762
15	7763
15	7764
15	7765
15	7766
15	7767
15	7768
15	7769
15	7770
15	7771
15	7772
15	7773
15	7774
15	7775
15	7776
15	7777
15	7778
15	7779
15	7780
15	7781
15	7782
15	7783
15	7784
15	7785
15	7786
15	7787
15	7788
15	7789
15	7790
15	7791
15	7792
15	7793
15	7794
15	7795
15	7796
15	7797
15	7798
15	7799
15	7800
15	7801
15	7802
15	7803
15	7804
15	7805
15	7806
15	7807
15	7808
15	7809
15	7810
15	7811
15	7812
15	7813
15	7814
15	7815
15	7816
15	7817
15	7818
15	7819
15	7820
15	7821
15	7822
15	7823
15	7824
15	7825
15	7826
15	7827
15	7828
15	7829
15	7830
15	7831
15	7832
15	7833
15	7834
15	7835
15	7836
15	7837
15	7838
15	7839
15	7840
15	7841
15	7842
15	7843
15	7844
15	7845
15	7846
15	7847
15	7848
15	7849
15	7850
15	7851
15	7852
15	7853
15	7854
15	7855
15	7856
15	7857
15	7858
15	7859
15	7860
15	7861
15	7862
15	7863
15	7864
15	7865
15	7866
15	7867
15	7868
15	7869
15	7870
15	7871
15	7872
15	7873
15	7874
15	7875
15	7876
15	7877
15	7878
15	7879
15	7880
15	7881
15	7882
15	7883
15	7884
15	7885
15	7886
15	7887
15	7888
15	7889
15	7890
15	7891
15	7892
15	7893
15	7894
15	7895
15	7896
15	7897
15	7898
15	7899
15	7900
15	7901
15	7902
15	7903
15	7904
15	7905
15	7906
15	7907
15	7908
15	7909
15	7910
15	7911
15	7912
15	7913
15	7914
15	7915
15	7916
15	7917
15	7918
15	7919
15	7920
15	7921
15	7922
15	7923
15	7924
15	7925
15	7926
15	7927
15	7928
15	7929
15	7930
15	7931
15	7932
15	7933
15	7934
15	7935
15	7936
15	7937
15	7938
15	7939
15	7940
15	7941
15	7942
15	7943
15	7944
15	7945
15	7946
15	7947
15	7948
15	7949
15	7950
15	7951
15	7952
15	7953
15	7954
15	7955
15	7956
15	7957
15	7958
15	7959
15	7960
15	7961
15	7962
15	7963
15	7964
15	7965
15	7966
15	7967
15	7968
15	7969
15	7970
15	7971
15	7972
15	7973
15	7974
15	7975
15	7976
15	7977
15	7978
15	7979
15	7980
15	7981
15	7982
15	7983
15	7984
15	7985
15	7986
15	7987
15	7988
15	7989
15	7990
15	7991
15	7992
15	7993
15	7994
15	7995
15	7996
15	7997
15	7998
15	7999
15	8000
15	8001
15	8002
15	8003
15	8004
15	8005
15	8006
15	8007
15	8008
15	8009
15	8010
15	8011
15	8012
15	8013
15	8014
15	8015
15	8016
15	8017
15	8018
15	8019
15	8020
15	8021
15	8022
15	8023
15	8024
15	8025
15	8026
15	8027
15	8028
15	8029
15	8030
15	8031
15	8032
15	8033
15	8034
15	8035
15	8036
15	8037
15	8038
15	8039
15	8040
15	8041
15	8042
15	8043
15	8044
15	8045
15	8046
15	8047
15	8048
15	8049
15	8050
15	8051
15	8052
15	8053
15	8054
15	8055
15	8056
15	8057
15	8058
15	8059
15	8060
15	8061
15	8062
15	8063
15	8064
15	8065
15	8066
15	8067
15	8068
15	8069
15	8070
15	8071
15	8072
15	8073
15	8074
15	8075
15	8076
15	8077
15	8078
15	8079
15	8080
15	8081
15	8082
15	8083
15	8084
15	8085
15	8086
15	8087
15	8088
15	8089
15	8090
15	8091
15	8092
15	8093
15	8094
15	8095
15	8096
15	8097
15	8098
15	8099
15	8100
15	8101
15	8102
15	8103
15	8104
15	8105
15	8106
15	8107
15	8108
15	8109
15	8110
15	8111
15	8112
15	8113
15	8114
15	8115
15	8116
15	8117
15	8118
15	8119
15	8120
15	8121
15	8122
15	8123
15	8124
15	8125
15	8126
15	8127
15	8128
15	8129
15	8130
15	8131
15	8132
15	8133
15	8134
15	8135
15	8136
15	8137
15	8138
15	8139
15	8140
15	8141
15	8142
15	8143
15	8144
15	8145
15	8146
15	8147
15	8148
15	8149
15	8150
15	8151
15	8152
15	8153
15	8154
15	8155
15	8156
15	8157
15	8158
15	8159
15	8160
16	8161
16	8162
16	8163
16	8164
16	8165
16	8166
16	8167
16	8168
16	8169
16	8170
16	8171
16	8172
16	8173
16	8174
16	8175
16	8176
16	8177
16	8178
16	8179
16	8180
16	8181
16	8182
16	8183
16	8184
16	8185
16	8186
16	8187
16	8188
17	8189
17	8190
17	8191
17	8192
17	8193
17	8194
17	8195
17	8196
17	8197
17	8198
17	8199
17	8200
17	8201
17	8202
17	8203
17	8204
17	8205
17	8206
17	8207
17	8208
17	8209
17	8210
17	8211
17	8212
17	8213
17	8214
17	8215
17	8216
17	8217
17	8218
17	8219
17	8220
17	8221
17	8222
17	8223
17	8224
17	8225
17	8226
17	8227
17	8228
17	8229
17	8230
17	8231
17	8232
17	8233
17	8234
17	8235
17	8236
17	8237
17	8238
17	8239
17	8240
17	8241
17	8242
17	8243
17	8244
17	8245
17	8246
17	8247
17	8248
17	8249
17	8250
17	8251
17	8252
17	8253
17	8254
17	8255
17	8256
17	8257
17	8258
17	8259
17	8260
17	8261
17	8262
17	8263
17	8264
17	8265
17	8266
17	8267
17	8268
17	8269
17	8270
17	8271
17	8272
17	8273
17	8274
17	8275
17	8276
17	8277
17	8278
17	8279
17	8280
17	8281
17	8282
17	8283
17	8284
17	8285
17	8286
17	8287
17	8288
17	8289
17	8290
17	8291
17	8292
17	8293
17	8294
17	8295
17	8296
17	8297
17	8298
17	8299
17	8300
17	8301
17	8302
17	8303
17	8304
17	8305
17	8306
17	8307
17	8308
17	8309
17	8310
17	8311
17	8312
17	8313
17	8314
17	8315
17	8316
17	8317
17	8318
17	8319
17	8320
17	8321
17	8322
17	8323
17	8324
17	8325
17	8326
17	8327
17	8328
17	8329
17	8330
17	8331
17	8332
17	8333
17	8334
17	8335
17	8336
17	8337
17	8338
17	8339
17	8340
17	8341
17	8342
17	8343
17	8344
17	8345
17	8346
17	8347
17	8348
17	8349
17	8350
17	8351
17	8352
17	8353
17	8354
17	8355
17	8356
17	8357
17	8358
17	8359
17	8360
17	8361
17	8362
17	8363
17	8364
17	8365
17	8366
17	8367
17	8368
17	8369
17	8370
17	8371
17	8372
17	8373
17	8374
17	8375
17	8376
17	8377
17	8378
17	8379
17	8380
17	8381
17	8382
17	8383
17	8384
17	8385
17	8386
17	8387
17	8388
17	8389
17	8390
17	8391
17	8392
17	8393
17	8394
17	8395
17	8396
17	8397
17	8398
17	8399
17	8400
17	8401
17	8402
17	8403
17	8404
17	8405
17	8406
17	8407
17	8408
17	8409
17	8410
17	8411
17	8412
17	8413
17	8414
17	8415
17	8416
17	8417
17	8418
17	8419
17	8420
17	8421
17	8422
17	8423
17	8424
17	8425
17	8426
17	8427
17	8428
17	8429
17	8430
17	8431
17	8432
17	8433
17	8434
17	8435
17	8436
17	8437
17	8438
17	8439
17	8440
17	8441
17	8442
17	8443
17	8444
17	8445
17	8446
17	8447
17	8448
17	8449
17	8450
17	8451
17	8452
17	8453
17	8454
17	8455
17	8456
17	8457
17	8458
17	8459
17	8460
17	8461
17	8462
17	8463
17	8464
17	8465
17	8466
17	8467
17	8468
17	8469
17	8470
17	8471
17	8472
17	8473
17	8474
17	8475
17	8476
17	8477
17	8478
17	8479
17	8480
17	8481
17	8482
17	8483
17	8484
17	8485
17	8486
17	8487
17	8488
17	8489
17	8490
17	8491
17	8492
17	8493
17	8494
17	8495
17	8496
17	8497
17	8498
17	8499
17	8500
17	8501
17	8502
17	8503
17	8504
17	8505
17	8506
17	8507
17	8508
17	8509
17	8510
17	8511
17	8512
17	8513
17	8514
17	8515
17	8516
17	8517
17	8518
17	8519
17	8520
17	8521
17	8522
17	8523
17	8524
17	8525
17	8526
17	8527
17	8528
17	8529
17	8530
17	8531
17	8532
17	8533
17	8534
17	8535
17	8536
17	8537
17	8538
17	8539
17	8540
17	8541
17	8542
17	8543
17	8544
17	8545
17	8546
17	8547
17	8548
17	8549
17	8550
17	8551
17	8552
17	8553
17	8554
17	8555
17	8556
17	8557
17	8558
17	8559
17	8560
17	8561
17	8562
17	8563
17	8564
17	8565
17	8566
17	8567
17	8568
17	8569
17	8570
17	8571
17	8572
17	8573
17	8574
17	8575
17	8576
17	8577
17	8578
17	8579
17	8580
17	8581
17	8582
17	8583
17	8584
17	8585
17	8586
17	8587
17	8588
17	8589
17	8590
17	8591
17	8592
17	8593
17	8594
17	8595
17	8596
17	8597
17	8598
17	8599
17	8600
17	8601
17	8602
17	8603
17	8604
17	8605
17	8606
17	8607
17	8608
17	8609
17	8610
17	8611
17	8612
17	8613
17	8614
17	8615
17	8616
17	8617
17	8618
17	8619
17	8620
17	8621
17	8622
17	8623
17	8624
17	8625
17	8626
17	8627
17	8628
17	8629
17	8630
17	8631
17	8632
17	8633
17	8634
17	8635
17	8636
17	8637
17	8638
17	8639
17	8640
17	8641
17	8642
17	8643
17	8644
17	8645
17	8646
17	8647
17	8648
17	8649
17	8650
17	8651
17	8652
17	8653
17	8654
17	8655
17	8656
17	8657
17	8658
17	8659
17	8660
17	8661
17	8662
17	8663
17	8664
17	8665
17	8666
17	8667
17	8668
17	8669
17	8670
17	8671
17	8672
17	8673
17	8674
17	8675
17	8676
17	8677
17	8678
17	8679
17	8680
17	8681
17	8682
17	8683
17	8684
17	8685
17	8686
17	8687
17	8688
17	8689
17	8690
17	8691
17	8692
17	8693
17	8694
17	8695
17	8696
17	8697
17	8698
17	8699
17	8700
17	8701
17	8702
17	8703
17	8704
17	8705
17	8706
17	8707
17	8708
17	8709
17	8710
17	8711
17	8712
17	8713
17	8714
17	8715
17	8716
17	8717
17	8718
17	8719
17	8720
17	8721
17	8722
17	8723
17	8724
17	8725
17	8726
17	8727
17	8728
17	8729
17	8730
17	8731
17	8732
17	8733
17	8734
17	8735
17	8736
17	8737
17	8738
17	8739
17	8740
17	8741
17	8742
17	8743
17	8744
17	8745
17	8746
17	8747
17	8748
17	8749
17	8750
17	8751
17	8752
17	8753
17	8754
17	8755
17	8756
17	8757
17	8758
17	8759
17	8760
17	8761
17	8762
17	8763
17	8764
17	8765
17	8766
17	8767
17	8768
17	8769
17	8770
17	8771
17	8772
17	8773
17	8774
17	8775
17	8776
17	8777
17	8778
17	8779
17	8780
17	8781
17	8782
17	8783
17	8784
17	8785
17	8786
17	8787
17	8788
17	8789
17	8790
17	8791
17	8792
17	8793
17	8794
17	8795
17	8796
17	8797
17	8798
17	8799
17	8800
17	8801
17	8802
17	8803
17	8804
17	8805
17	8806
17	8807
17	8808
17	8809
17	8810
17	8811
17	8812
17	8813
17	8814
17	8815
17	8816
17	8817
17	8818
17	8819
17	8820
17	8821
17	8822
17	8823
17	8824
17	8825
17	8826
17	8827
17	8828
17	8829
17	8830
17	8831
17	8832
17	8833
17	8834
17	8835
17	8836
17	8837
17	8838
17	8839
17	8840
17	8841
17	8842
17	8843
17	8844
17	8845
17	8846
17	8847
17	8848
17	8849
17	8850
17	8851
17	8852
17	8853
17	8854
17	8855
17	8856
17	8857
17	8858
17	8859
17	8860
17	8861
17	8862
17	8863
17	8864
17	8865
17	8866
17	8867
17	8868
17	8869
17	8870
17	8871
17	8872
17	8873
17	8874
17	8875
17	8876
17	8877
17	8878
17	8879
17	8880
17	8881
17	8882
17	8883
17	8884
17	8885
17	8886
17	8887
17	8888
17	8889
17	8890
17	8891
17	8892
17	8893
17	8894
17	8895
17	8896
17	8897
17	8898
17	8899
17	8900
17	8901
17	8902
17	8903
17	8904
17	8905
17	8906
17	8907
17	8908
17	8909
17	8910
17	8911
17	8912
17	8913
17	8914
17	8915
17	8916
17	8917
17	8918
17	8919
17	8920
17	8921
17	8922
17	8923
17	8924
17	8925
17	8926
17	8927
17	8928
17	8929
17	8930
17	8931
17	8932
17	8933
17	8934
17	8935
17	8936
17	8937
17	8938
17	8939
17	8940
17	8941
17	8942
17	8943
17	8944
17	8945
17	8946
17	8947
17	8948
17	8949
17	8950
17	8951
17	8952
17	8953
17	8954
17	8955
17	8956
17	8957
17	8958
17	8959
17	8960
17	8961
17	8962
17	8963
17	8964
17	8965
17	8966
17	8967
17	8968
17	8969
17	8970
17	8971
17	8972
17	8973
17	8974
17	8975
17	8976
17	8977
17	8978
17	8979
17	8980
17	8981
17	8982
17	8983
17	8984
17	8985
17	8986
17	8987
17	8988
17	8989
17	8990
17	8991
17	8992
17	8993
17	8994
17	8995
17	8996
17	8997
17	8998
17	8999
17	9000
17	9001
17	9002
17	9003
17	9004
17	9005
17	9006
17	9007
17	9008
17	9009
17	9010
17	9011
17	9012
17	9013
17	9014
17	9015
17	9016
17	9017
17	9018
17	9019
17	9020
17	9021
17	9022
17	9023
17	9024
17	9025
17	9026
17	9027
17	9028
17	9029
17	9030
17	9031
17	9032
17	9033
17	9034
17	9035
17	9036
17	9037
17	9038
17	9039
17	9040
17	9041
17	9042
17	9043
17	9044
17	9045
17	9046
17	9047
17	9048
17	9049
17	9050
17	9051
17	9052
17	9053
17	9054
17	9055
17	9056
17	9057
17	9058
17	9059
17	9060
17	9061
17	9062
17	9063
17	9064
17	9065
17	9066
17	9067
17	9068
17	9069
17	9070
17	9071
17	9072
17	9073
17	9074
17	9075
17	9076
17	9077
17	9078
17	9079
17	9080
17	9081
17	9082
17	9083
17	9084
17	9085
17	9086
17	9087
17	9088
17	9089
17	9090
18	9091
18	9092
18	9093
18	9094
18	9095
18	9096
18	9097
18	9098
18	9099
18	9100
18	9101
18	9102
18	9103
18	9104
18	9105
18	9106
18	9107
18	9108
18	9109
18	9110
18	9111
18	9112
18	9113
18	9114
18	9115
18	9116
18	9117
18	9118
18	9119
18	9120
18	9121
18	9122
18	9123
18	9124
18	9125
18	9126
18	9127
18	9128
18	9129
18	9130
18	9131
18	9132
18	9133
18	9134
18	9135
18	9136
18	9137
18	9138
18	9139
18	9140
18	9141
18	9142
18	9143
18	9144
18	9145
18	9146
18	9147
18	9148
18	9149
18	9150
18	9151
18	9152
18	9153
18	9154
18	9155
18	9156
18	9157
18	9158
18	9159
18	9160
18	9161
18	9162
18	9163
18	9164
18	9165
18	9166
18	9167
18	9168
18	9169
18	9170
18	9171
18	9172
18	9173
18	9174
18	9175
18	9176
18	9177
18	9178
18	9179
18	9180
18	9181
18	9182
18	9183
18	9184
18	9185
18	9186
18	9187
18	9188
18	9189
18	9190
18	9191
18	9192
18	9193
18	9194
18	9195
18	9196
18	9197
18	9198
18	9199
18	9200
18	9201
18	9202
18	9203
18	9204
18	9205
18	9206
18	9207
18	9208
18	9209
18	9210
18	9211
18	9212
18	9213
18	9214
18	9215
18	9216
18	9217
18	9218
18	9219
18	9220
18	9221
18	9222
18	9223
18	9224
18	9225
18	9226
18	9227
18	9228
18	9229
18	9230
18	9231
18	9232
18	9233
18	9234
18	9235
18	9236
18	9237
18	9238
18	9239
18	9240
18	9241
18	9242
18	9243
18	9244
18	9245
18	9246
18	9247
18	9248
18	9249
18	9250
18	9251
18	9252
18	9253
18	9254
18	9255
18	9256
18	9257
18	9258
18	9259
18	9260
18	9261
18	9262
18	9263
18	9264
18	9265
18	9266
18	9267
18	9268
18	9269
18	9270
18	9271
18	9272
18	9273
18	9274
18	9275
18	9276
18	9277
18	9278
18	9279
18	9280
18	9281
18	9282
18	9283
18	9284
18	9285
18	9286
18	9287
18	9288
18	9289
18	9290
18	9291
18	9292
18	9293
18	9294
18	9295
18	9296
18	9297
18	9298
18	9299
18	9300
18	9301
18	9302
18	9303
18	9304
18	9305
18	9306
18	9307
18	9308
18	9309
18	9310
18	9311
18	9312
18	9313
18	9314
18	9315
18	9316
18	9317
18	9318
18	9319
18	9320
18	9321
18	9322
18	9323
18	9324
18	9325
18	9326
18	9327
18	9328
18	9329
18	9330
18	9331
18	9332
18	9333
18	9334
18	9335
18	9336
18	9337
18	9338
18	9339
18	9340
18	9341
18	9342
18	9343
18	9344
18	9345
18	9346
18	9347
18	9348
18	9349
18	9350
18	9351
18	9352
18	9353
18	9354
18	9355
18	9356
18	9357
18	9358
18	9359
18	9360
18	9361
18	9362
18	9363
18	9364
18	9365
18	9366
18	9367
18	9368
18	9369
18	9370
18	9371
18	9372
18	9373
18	9374
18	9375
18	9376
18	9377
18	9378
18	9379
18	9380
18	9381
18	9382
18	9383
18	9384
18	9385
18	9386
18	9387
18	9388
18	9389
18	9390
18	9391
18	9392
18	9393
18	9394
18	9395
18	9396
18	9397
18	9398
18	9399
18	9400
18	9401
18	9402
18	9403
18	9404
18	9405
18	9406
18	9407
18	9408
18	9409
18	9410
18	9411
18	9412
18	9413
18	9414
18	9415
18	9416
18	9417
18	9418
18	9419
18	9420
18	9421
18	9422
18	9423
18	9424
18	9425
18	9426
18	9427
18	9428
18	9429
18	9430
18	9431
18	9432
18	9433
18	9434
18	9435
18	9436
18	9437
18	9438
18	9439
18	9440
18	9441
18	9442
18	9443
18	9444
18	9445
18	9446
18	9447
18	9448
18	9449
18	9450
18	9451
18	9452
18	9453
18	9454
18	9455
18	9456
18	9457
18	9458
18	9459
18	9460
18	9461
18	9462
18	9463
18	9464
18	9465
18	9466
18	9467
18	9468
18	9469
18	9470
18	9471
18	9472
18	9473
18	9474
18	9475
18	9476
18	9477
18	9478
18	9479
18	9480
18	9481
18	9482
18	9483
18	9484
18	9485
18	9486
18	9487
18	9488
18	9489
18	9490
18	9491
18	9492
18	9493
18	9494
18	9495
18	9496
18	9497
18	9498
18	9499
18	9500
18	9501
18	9502
18	9503
18	9504
18	9505
18	9506
18	9507
18	9508
18	9509
18	9510
18	9511
18	9512
18	9513
18	9514
18	9515
18	9516
18	9517
18	9518
18	9519
18	9520
18	9521
18	9522
18	9523
18	9524
18	9525
18	9526
18	9527
18	9528
18	9529
18	9530
18	9531
18	9532
18	9533
18	9534
18	9535
18	9536
18	9537
18	9538
18	9539
18	9540
18	9541
18	9542
18	9543
18	9544
18	9545
18	9546
18	9547
18	9548
18	9549
18	9550
18	9551
18	9552
18	9553
18	9554
18	9555
18	9556
18	9557
18	9558
18	9559
18	9560
18	9561
18	9562
18	9563
18	9564
18	9565
18	9566
18	9567
18	9568
18	9569
18	9570
18	9571
18	9572
18	9573
18	9574
18	9575
18	9576
18	9577
18	9578
18	9579
18	9580
18	9581
18	9582
18	9583
18	9584
18	9585
18	9586
18	9587
18	9588
18	9589
18	9590
18	9591
18	9592
18	9593
18	9594
18	9595
18	9596
18	9597
18	9598
18	9599
18	9600
18	9601
18	9602
18	9603
18	9604
18	9605
18	9606
18	9607
18	9608
18	9609
18	9610
18	9611
18	9612
18	9613
18	9614
18	9615
18	9616
18	9617
18	9618
18	9619
18	9620
18	9621
18	9622
18	9623
18	9624
18	9625
18	9626
18	9627
18	9628
18	9629
18	9630
18	9631
18	9632
18	9633
18	9634
18	9635
18	9636
18	9637
18	9638
18	9639
18	9640
18	9641
18	9642
18	9643
18	9644
18	9645
18	9646
18	9647
18	9648
18	9649
18	9650
18	9651
18	9652
18	9653
18	9654
18	9655
18	9656
18	9657
18	9658
18	9659
18	9660
18	9661
18	9662
18	9663
18	9664
18	9665
18	9666
18	9667
18	9668
18	9669
18	9670
18	9671
18	9672
18	9673
18	9674
18	9675
18	9676
18	9677
18	9678
18	9679
18	9680
18	9681
18	9682
18	9683
18	9684
18	9685
18	9686
18	9687
18	9688
18	9689
18	9690
18	9691
18	9692
18	9693
18	9694
18	9695
18	9696
18	9697
18	9698
18	9699
18	9700
18	9701
18	9702
18	9703
18	9704
18	9705
18	9706
18	9707
18	9708
18	9709
18	9710
18	9711
18	9712
18	9713
18	9714
18	9715
18	9716
18	9717
18	9718
18	9719
18	9720
18	9721
18	9722
18	9723
18	9724
18	9725
18	9726
18	9727
18	9728
18	9729
18	9730
18	9731
18	9732
18	9733
18	9734
18	9735
18	9736
18	9737
18	9738
18	9739
18	9740
18	9741
18	9742
18	9743
18	9744
18	9745
18	9746
18	9747
18	9748
18	9749
18	9750
18	9751
18	9752
18	9753
18	9754
18	9755
18	9756
18	9757
18	9758
18	9759
18	9760
18	9761
18	9762
18	9763
18	9764
18	9765
18	9766
18	9767
18	9768
18	9769
18	9770
18	9771
18	9772
18	9773
18	9774
18	9775
18	9776
18	9777
18	9778
18	9779
18	9780
18	9781
18	9782
18	9783
18	9784
18	9785
18	9786
18	9787
18	9788
18	9789
18	9790
18	9791
18	9792
18	9793
18	9794
18	9795
18	9796
18	9797
18	9798
18	9799
18	9800
18	9801
18	9802
18	9803
18	9804
18	9805
18	9806
18	9807
18	9808
18	9809
18	9810
18	9811
18	9812
18	9813
18	9814
18	9815
18	9816
18	9817
18	9818
18	9819
18	9820
18	9821
18	9822
18	9823
18	9824
18	9825
18	9826
18	9827
18	9828
18	9829
18	9830
18	9831
18	9832
18	9833
18	9834
18	9835
18	9836
18	9837
18	9838
18	9839
18	9840
18	9841
18	9842
18	9843
18	9844
18	9845
18	9846
18	9847
18	9848
18	9849
18	9850
18	9851
18	9852
18	9853
18	9854
18	9855
18	9856
18	9857
18	9858
18	9859
18	9860
18	9861
18	9862
18	9863
18	9864
18	9865
18	9866
18	9867
18	9868
18	9869
18	9870
18	9871
18	9872
18	9873
18	9874
18	9875
18	9876
18	9877
18	9878
18	9879
18	9880
18	9881
18	9882
18	9883
18	9884
18	9885
18	9886
18	9887
18	9888
18	9889
18	9890
18	9891
18	9892
18	9893
18	9894
18	9895
18	9896
18	9897
18	9898
18	9899
18	9900
18	9901
18	9902
18	9903
18	9904
18	9905
18	9906
18	9907
18	9908
18	9909
18	9910
18	9911
18	9912
18	9913
18	9914
18	9915
18	9916
18	9917
18	9918
18	9919
18	9920
18	9921
18	9922
18	9923
18	9924
18	9925
18	9926
18	9927
18	9928
18	9929
18	9930
18	9931
18	9932
18	9933
18	9934
18	9935
18	9936
18	9937
18	9938
18	9939
18	9940
18	9941
18	9942
18	9943
18	9944
18	9945
18	9946
18	9947
18	9948
18	9949
18	9950
18	9951
18	9952
18	9953
18	9954
18	9955
18	9956
18	9957
18	9958
18	9959
18	9960
18	9961
18	9962
18	9963
18	9964
18	9965
18	9966
18	9967
18	9968
18	9969
18	9970
18	9971
18	9972
18	9973
18	9974
18	9975
18	9976
18	9977
18	9978
18	9979
18	9980
18	9981
18	9982
18	9983
18	9984
18	9985
18	9986
18	9987
18	9988
18	9989
18	9990
18	9991
18	9992
18	9993
18	9994
18	9995
18	9996
18	9997
18	9998
18	9999
18	10000
18	10001
18	10002
18	10003
18	10004
18	10005
18	10006
18	10007
18	10008
18	10009
18	10010
18	10011
18	10012
18	10013
18	10014
18	10015
18	10016
18	10017
18	10018
18	10019
18	10020
18	10021
18	10022
18	10023
18	10024
18	10025
18	10026
18	10027
18	10028
18	10029
18	10030
18	10031
18	10032
18	10033
18	10034
18	10035
18	10036
18	10037
18	10038
18	10039
18	10040
18	10041
18	10042
18	10043
18	10044
18	10045
18	10046
18	10047
18	10048
18	10049
18	10050
18	10051
18	10052
18	10053
18	10054
18	10055
18	10056
18	10057
18	10058
18	10059
18	10060
18	10061
18	10062
18	10063
18	10064
18	10065
18	10066
18	10067
18	10068
18	10069
18	10070
18	10071
18	10072
18	10073
18	10074
18	10075
18	10076
18	10077
18	10078
18	10079
18	10080
18	10081
18	10082
18	10083
18	10084
18	10085
18	10086
18	10087
18	10088
18	10089
18	10090
18	10091
18	10092
18	10093
18	10094
18	10095
18	10096
18	10097
18	10098
18	10099
18	10100
18	10101
18	10102
18	10103
18	10104
18	10105
18	10106
18	10107
18	10108
18	10109
18	10110
18	10111
18	10112
18	10113
18	10114
18	10115
18	10116
18	10117
18	10118
18	10119
18	10120
18	10121
18	10122
18	10123
18	10124
18	10125
18	10126
18	10127
18	10128
18	10129
18	10130
18	10131
18	10132
18	10133
18	10134
18	10135
18	10136
18	10137
18	10138
18	10139
18	10140
18	10141
18	10142
18	10143
18	10144
18	10145
18	10146
18	10147
18	10148
18	10149
18	10150
18	10151
18	10152
18	10153
18	10154
18	10155
18	10156
18	10157
18	10158
18	10159
18	10160
18	10161
18	10162
18	10163
18	10164
18	10165
18	10166
18	10167
18	10168
18	10169
18	10170
18	10171
18	10172
18	10173
18	10174
18	10175
18	10176
18	10177
18	10178
18	10179
18	10180
18	10181
18	10182
18	10183
18	10184
18	10185
18	10186
18	10187
18	10188
18	10189
18	10190
18	10191
18	10192
18	10193
18	10194
18	10195
18	10196
18	10197
18	10198
18	10199
18	10200
18	10201
18	10202
18	10203
18	10204
18	10205
18	10206
18	10207
18	10208
18	10209
18	10210
18	10211
18	10212
18	10213
18	10214
18	10215
18	10216
18	10217
18	10218
18	10219
18	10220
18	10221
19	10222
19	10223
19	10224
19	10225
19	10226
19	10227
19	10228
19	10229
19	10230
19	10231
19	10232
19	10233
19	10234
19	10235
19	10236
19	10237
19	10238
19	10239
19	10240
19	10241
19	10242
19	10243
19	10244
19	10245
19	10246
19	10247
19	10248
19	10249
19	10250
19	10251
19	10252
19	10253
19	10254
19	10255
19	10256
19	10257
19	10258
19	10259
19	10260
19	10261
19	10262
19	10263
19	10264
19	10265
19	10266
19	10267
19	10268
19	10269
19	10270
19	10271
19	10272
19	10273
19	10274
19	10275
19	10276
19	10277
19	10278
19	10279
19	10280
19	10281
19	10282
19	10283
19	10284
19	10285
19	10286
19	10287
19	10288
19	10289
19	10290
19	10291
19	10292
19	10293
19	10294
19	10295
19	10296
19	10297
19	10298
19	10299
19	10300
19	10301
19	10302
19	10303
19	10304
19	10305
19	10306
19	10307
19	10308
19	10309
19	10310
19	10311
19	10312
19	10313
19	10314
19	10315
19	10316
19	10317
19	10318
19	10319
19	10320
19	10321
19	10322
19	10323
19	10324
19	10325
19	10326
19	10327
19	10328
19	10329
19	10330
19	10331
19	10332
19	10333
19	10334
19	10335
19	10336
19	10337
19	10338
19	10339
19	10340
19	10341
19	10342
19	10343
19	10344
19	10345
19	10346
19	10347
19	10348
19	10349
19	10350
19	10351
19	10352
19	10353
19	10354
19	10355
19	10356
19	10357
19	10358
19	10359
19	10360
19	10361
19	10362
19	10363
19	10364
19	10365
19	10366
19	10367
19	10368
19	10369
19	10370
19	10371
19	10372
19	10373
19	10374
19	10375
19	10376
19	10377
19	10378
19	10379
19	10380
19	10381
19	10382
19	10383
19	10384
19	10385
19	10386
19	10387
19	10388
19	10389
19	10390
19	10391
19	10392
19	10393
19	10394
19	10395
19	10396
19	10397
19	10398
19	10399
19	10400
19	10401
19	10402
19	10403
19	10404
19	10405
19	10406
19	10407
19	10408
19	10409
19	10410
19	10411
19	10412
19	10413
19	10414
19	10415
19	10416
19	10417
19	10418
19	10419
19	10420
19	10421
19	10422
19	10423
19	10424
19	10425
19	10426
19	10427
19	10428
19	10429
19	10430
19	10431
19	10432
19	10433
19	10434
19	10435
19	10436
19	10437
19	10438
19	10439
19	10440
19	10441
19	10442
19	10443
19	10444
19	10445
19	10446
19	10447
19	10448
19	10449
19	10450
19	10451
19	10452
19	10453
19	10454
19	10455
19	10456
19	10457
19	10458
19	10459
19	10460
19	10461
19	10462
19	10463
19	10464
19	10465
19	10466
19	10467
19	10468
19	10469
19	10470
19	10471
19	10472
19	10473
19	10474
19	10475
19	10476
19	10477
19	10478
19	10479
19	10480
19	10481
19	10482
19	10483
19	10484
19	10485
19	10486
19	10487
19	10488
19	10489
19	10490
19	10491
19	10492
19	10493
19	10494
19	10495
19	10496
19	10497
19	10498
19	10499
19	10500
19	10501
19	10502
19	10503
19	10504
19	10505
19	10506
19	10507
19	10508
19	10509
19	10510
19	10511
19	10512
19	10513
19	10514
19	10515
19	10516
19	10517
19	10518
19	10519
19	10520
19	10521
19	10522
19	10523
19	10524
19	10525
19	10526
19	10527
19	10528
19	10529
19	10530
19	10531
19	10532
19	10533
19	10534
19	10535
19	10536
19	10537
19	10538
19	10539
19	10540
19	10541
19	10542
19	10543
19	10544
19	10545
19	10546
19	10547
19	10548
19	10549
19	10550
19	10551
19	10552
19	10553
19	10554
19	10555
19	10556
19	10557
19	10558
19	10559
19	10560
19	10561
19	10562
19	10563
19	10564
19	10565
19	10566
19	10567
19	10568
19	10569
19	10570
19	10571
19	10572
19	10573
19	10574
19	10575
19	10576
19	10577
19	10578
19	10579
19	10580
19	10581
19	10582
19	10583
19	10584
19	10585
19	10586
19	10587
19	10588
19	10589
19	10590
19	10591
19	10592
19	10593
19	10594
19	10595
19	10596
19	10597
19	10598
19	10599
19	10600
19	10601
19	10602
19	10603
19	10604
19	10605
19	10606
19	10607
19	10608
19	10609
19	10610
19	10611
19	10612
19	10613
19	10614
19	10615
19	10616
19	10617
19	10618
19	10619
19	10620
19	10621
19	10622
19	10623
19	10624
19	10625
19	10626
19	10627
19	10628
19	10629
19	10630
19	10631
19	10632
19	10633
19	10634
19	10635
19	10636
19	10637
19	10638
19	10639
19	10640
19	10641
19	10642
19	10643
19	10644
19	10645
19	10646
19	10647
19	10648
19	10649
19	10650
19	10651
19	10652
19	10653
19	10654
19	10655
19	10656
19	10657
19	10658
19	10659
19	10660
19	10661
19	10662
19	10663
19	10664
19	10665
19	10666
19	10667
19	10668
19	10669
19	10670
19	10671
19	10672
19	10673
19	10674
19	10675
19	10676
19	10677
19	10678
19	10679
19	10680
19	10681
19	10682
19	10683
19	10684
19	10685
19	10686
19	10687
19	10688
19	10689
19	10690
19	10691
19	10692
19	10693
19	10694
19	10695
19	10696
19	10697
19	10698
19	10699
19	10700
19	10701
19	10702
19	10703
19	10704
19	10705
19	10706
19	10707
19	10708
19	10709
19	10710
19	10711
19	10712
19	10713
19	10714
19	10715
19	10716
19	10717
19	10718
19	10719
19	10720
19	10721
19	10722
19	10723
19	10724
19	10725
19	10726
19	10727
19	10728
19	10729
19	10730
19	10731
19	10732
19	10733
19	10734
19	10735
19	10736
19	10737
19	10738
19	10739
19	10740
19	10741
19	10742
19	10743
19	10744
19	10745
19	10746
19	10747
19	10748
19	10749
19	10750
19	10751
19	10752
19	10753
19	10754
19	10755
19	10756
19	10757
19	10758
19	10759
19	10760
19	10761
19	10762
19	10763
19	10764
19	10765
19	10766
19	10767
19	10768
19	10769
19	10770
19	10771
19	10772
19	10773
19	10774
19	10775
19	10776
19	10777
19	10778
19	10779
19	10780
19	10781
19	10782
19	10783
19	10784
19	10785
19	10786
19	10787
19	10788
19	10789
19	10790
19	10791
19	10792
19	10793
19	10794
19	10795
19	10796
19	10797
19	10798
19	10799
19	10800
19	10801
19	10802
19	10803
19	10804
19	10805
19	10806
19	10807
19	10808
19	10809
19	10810
19	10811
19	10812
19	10813
19	10814
19	10815
19	10816
19	10817
19	10818
19	10819
19	10820
19	10821
20	10822
20	10823
20	10824
20	10825
20	10826
